    ORGN   365    24  1995     1     1  0.520490E+01  0.226718E+02  0.724355E+02  0.182784E+03  0.155555E+03  0.317112E+03  0.619458E+02  0.158523E+03  0.147740E+03  0.367696E+02  0.921083E+01
    ORGN   365    24  1996     1     1  0.293957E+02  0.231848E+02  0.709980E+02  0.179864E+03  0.153824E+03  0.314710E+03  0.615528E+02  0.157962E+03  0.147497E+03  0.367531E+02  0.920676E+01
    ORGN   365    24  1997     1     1  0.782083E+01  0.251849E+02  0.696973E+02  0.177278E+03  0.152199E+03  0.312501E+03  0.611350E+02  0.157467E+03  0.146967E+03  0.367442E+02  0.920577E+01
    ORGN   365    24  1998     1     1  0.632768E+01  0.252242E+02  0.685964E+02  0.175015E+03  0.150488E+03  0.308654E+03  0.597043E+02  0.156848E+03  0.146432E+03  0.367354E+02  0.920617E+01
    ORGN   365    24  1999     1     1  0.261670E+02  0.252247E+02  0.682825E+02  0.173807E+03  0.149681E+03  0.307167E+03  0.595005E+02  0.156569E+03  0.146703E+03  0.367274E+02  0.920656E+01
    ORGN   365    24  2000     1     1  0.350805E+02  0.296766E+02  0.677977E+02  0.172430E+03  0.148802E+03  0.305708E+03  0.592968E+02  0.156304E+03  0.146356E+03  0.367183E+02  0.920634E+01
    ORGN   365    24  2001     1     1  0.336596E+02  0.315838E+02  0.678289E+02  0.171176E+03  0.148008E+03  0.304453E+03  0.591234E+02  0.156082E+03  0.146128E+03  0.367101E+02  0.920613E+01
    ORGN   365    24  2002     1     1  0.123156E+02  0.307633E+02  0.672134E+02  0.169892E+03  0.147021E+03  0.302918E+03  0.588615E+02  0.155760E+03  0.145714E+03  0.367012E+02  0.920604E+01
    ORGN   365    24  2003     1     1  0.334613E+02  0.322721E+02  0.667613E+02  0.169113E+03  0.146454E+03  0.301819E+03  0.587171E+02  0.155558E+03  0.145599E+03  0.366929E+02  0.920607E+01
    ORGN   365    24  2004     1     1  0.113910E+02  0.313853E+02  0.661789E+02  0.167854E+03  0.145521E+03  0.300382E+03  0.584820E+02  0.155267E+03  0.145250E+03  0.366835E+02  0.920591E+01
    ORGN   365    24  2005     1     1  0.328518E+02  0.320174E+02  0.655752E+02  0.166898E+03  0.144880E+03  0.299108E+03  0.583164E+02  0.155046E+03  0.145146E+03  0.366742E+02  0.920579E+01
    ORGN   365    24  2006     1     1  0.914004E+01  0.329960E+02  0.650013E+02  0.165589E+03  0.143909E+03  0.297603E+03  0.580695E+02  0.154722E+03  0.144785E+03  0.366645E+02  0.920567E+01
    ORGN   365    24  2007     1     1  0.270620E+02  0.322617E+02  0.643990E+02  0.164407E+03  0.143078E+03  0.296200E+03  0.578937E+02  0.154455E+03  0.145381E+03  0.366569E+02  0.920689E+01
    ORGN   365    24  2008     1     1  0.205993E+02  0.372676E+02  0.643810E+02  0.163369E+03  0.142366E+03  0.295029E+03  0.580882E+02  0.154171E+03  0.144770E+03  0.366511E+02  0.920844E+01
    ORGN   365    24  2009     1     1  0.475122E+01  0.311869E+02  0.703471E+02  0.162210E+03  0.141407E+03  0.293698E+03  0.578496E+02  0.153726E+03  0.144355E+03  0.366426E+02  0.920889E+01
    ORGN   365    24  2010     1     1  0.267976E+01  0.268343E+02  0.715044E+02  0.161010E+03  0.140403E+03  0.292187E+03  0.575879E+02  0.153471E+03  0.143604E+03  0.366341E+02  0.920991E+01
    ORGN   365    24  2011     1     1  0.175870E+02  0.258570E+02  0.772124E+02  0.160449E+03  0.139831E+03  0.290945E+03  0.574047E+02  0.153342E+03  0.143576E+03  0.366248E+02  0.921027E+01
    ORGN   365    24  2012     1     1  0.100328E+02  0.243676E+02  0.776278E+02  0.159567E+03  0.139055E+03  0.289604E+03  0.571770E+02  0.153029E+03  0.143337E+03  0.366130E+02  0.921015E+01
    ORGN   365    24  2013     1     1  0.362699E+01  0.233137E+02  0.762076E+02  0.159122E+03  0.138675E+03  0.288835E+03  0.569906E+02  0.152774E+03  0.143090E+03  0.366030E+02  0.920998E+01
    ORGN   365    24  2014     1     1  0.189761E+02  0.253822E+02  0.817879E+02  0.158880E+03  0.138313E+03  0.288053E+03  0.568761E+02  0.152630E+03  0.143064E+03  0.365946E+02  0.920983E+01
    ORGN   365    24  2015     1     1  0.212451E+02  0.268478E+02  0.838994E+02  0.158317E+03  0.137729E+03  0.287050E+03  0.567452E+02  0.152470E+03  0.143025E+03  0.365860E+02  0.920974E+01
    ORGN   365    24  2016     1     1  0.355731E+02  0.258738E+02  0.761129E+02  0.157191E+03  0.137020E+03  0.285914E+03  0.565795E+02  0.152291E+03  0.142957E+03  0.365770E+02  0.920980E+01
    ORGN   365    24  2017     1     1  0.948592E+01  0.252205E+02  0.784289E+02  0.155452E+03  0.135910E+03  0.284357E+03  0.562990E+02  0.151980E+03  0.142620E+03  0.365676E+02  0.920997E+01
    ORGN   365    24  2018     1     1  0.235243E+02  0.271416E+02  0.846555E+02  0.154739E+03  0.135262E+03  0.283238E+03  0.561572E+02  0.151807E+03  0.142553E+03  0.365589E+02  0.921013E+01
    ORGN   365    24  2019     1     1           NaN           NaN           NaN           NaN           NaN           NaN           NaN           NaN           NaN           NaN           NaN
    ORGN   365    24  2020     1     1           NaN           NaN           NaN           NaN           NaN           NaN           NaN           NaN           NaN           NaN           NaN
    ORGN   365    24  2021     1     1           NaN           NaN           NaN           NaN           NaN           NaN           NaN           NaN           NaN           NaN           NaN
    ORGN   365    24  2022     1     1           NaN           NaN           NaN           NaN           NaN           NaN           NaN           NaN           NaN           NaN           NaN
