    ORGC   365    24  1995     1     1  0.104315E+03  0.300588E+03  0.935634E+03  0.232918E+04  0.190332E+04  0.348815E+04  0.607393E+03  0.129470E+04  0.120742E+04  0.294482E+03  0.737534E+02
    ORGC   365    24  1996     1     1  0.131187E+03  0.302572E+03  0.922679E+03  0.230058E+04  0.188665E+04  0.346620E+04  0.602307E+03  0.129012E+04  0.120343E+04  0.294441E+03  0.737373E+02
    ORGC   365    24  1997     1     1  0.614662E+02  0.311860E+03  0.901814E+03  0.226636E+04  0.186542E+04  0.344066E+04  0.596896E+03  0.128512E+04  0.119844E+04  0.294421E+03  0.737346E+02
    ORGC   365    24  1998     1     1  0.536079E+02  0.316670E+03  0.889831E+03  0.223983E+04  0.184751E+04  0.341599E+04  0.592562E+03  0.128057E+04  0.119464E+04  0.294386E+03  0.737400E+02
    ORGC   365    24  1999     1     1  0.121993E+03  0.320924E+03  0.887516E+03  0.222696E+04  0.183944E+04  0.340178E+04  0.590443E+03  0.127866E+04  0.119375E+04  0.294351E+03  0.737443E+02
    ORGC   365    24  2000     1     1  0.125500E+03  0.339799E+03  0.878601E+03  0.220928E+04  0.182809E+04  0.338682E+04  0.588476E+03  0.127668E+04  0.119322E+04  0.294301E+03  0.737431E+02
    ORGC   365    24  2001     1     1  0.105513E+03  0.352854E+03  0.871807E+03  0.219241E+04  0.181759E+04  0.337254E+04  0.586313E+03  0.127489E+04  0.119227E+04  0.294260E+03  0.737418E+02
    ORGC   365    24  2002     1     1  0.642800E+02  0.354948E+03  0.863020E+03  0.217760E+04  0.180498E+04  0.335349E+04  0.582875E+03  0.127101E+04  0.118785E+04  0.294211E+03  0.737413E+02
    ORGC   365    24  2003     1     1  0.105430E+03  0.364039E+03  0.859220E+03  0.216916E+04  0.179959E+04  0.334357E+04  0.581898E+03  0.127032E+04  0.118849E+04  0.294164E+03  0.737417E+02
    ORGC   365    24  2004     1     1  0.633551E+02  0.366680E+03  0.850062E+03  0.215221E+04  0.178695E+04  0.332535E+04  0.578764E+03  0.126708E+04  0.118475E+04  0.294107E+03  0.737405E+02
    ORGC   365    24  2005     1     1  0.100197E+03  0.373243E+03  0.844886E+03  0.214029E+04  0.177987E+04  0.331256E+04  0.577356E+03  0.126594E+04  0.118489E+04  0.294049E+03  0.737396E+02
    ORGC   365    24  2006     1     1  0.557339E+02  0.382413E+03  0.835544E+03  0.212199E+04  0.176587E+04  0.329373E+04  0.574149E+03  0.126257E+04  0.118120E+04  0.293986E+03  0.737387E+02
    ORGC   365    24  2007     1     1  0.108103E+03  0.385684E+03  0.829486E+03  0.210747E+04  0.175674E+04  0.327914E+04  0.572253E+03  0.126083E+04  0.118049E+04  0.293938E+03  0.737485E+02
    ORGC   365    24  2008     1     1  0.930133E+02  0.416836E+03  0.826446E+03  0.209455E+04  0.174806E+04  0.326616E+04  0.573232E+03  0.125777E+04  0.117778E+04  0.293899E+03  0.737610E+02
    ORGC   365    24  2009     1     1  0.375834E+02  0.369904E+03  0.883923E+03  0.207994E+04  0.173544E+04  0.325077E+04  0.569554E+03  0.125601E+04  0.117555E+04  0.293840E+03  0.737646E+02
    ORGC   365    24  2010     1     1  0.513978E+02  0.333045E+03  0.915754E+03  0.206508E+04  0.172411E+04  0.323347E+04  0.566592E+03  0.125384E+04  0.117434E+04  0.293780E+03  0.737728E+02
    ORGC   365    24  2011     1     1  0.763896E+02  0.313697E+03  0.944769E+03  0.205665E+04  0.171781E+04  0.322095E+04  0.564930E+03  0.125374E+04  0.117449E+04  0.293718E+03  0.737758E+02
    ORGC   365    24  2012     1     1  0.852035E+02  0.298831E+03  0.967540E+03  0.204810E+04  0.171070E+04  0.320878E+04  0.562650E+03  0.125028E+04  0.117264E+04  0.293633E+03  0.737747E+02
    ORGC   365    24  2013     1     1  0.497752E+02  0.292756E+03  0.971761E+03  0.204145E+04  0.170467E+04  0.319769E+04  0.560373E+03  0.124806E+04  0.117047E+04  0.293564E+03  0.737734E+02
    ORGC   365    24  2014     1     1  0.618313E+02  0.291431E+03  0.984027E+03  0.203597E+04  0.170050E+04  0.319002E+04  0.559428E+03  0.124769E+04  0.117135E+04  0.293511E+03  0.737723E+02
    ORGC   365    24  2015     1     1  0.685745E+02  0.291072E+03  0.991261E+03  0.202607E+04  0.169292E+04  0.317839E+04  0.557869E+03  0.124665E+04  0.117132E+04  0.293456E+03  0.737716E+02
    ORGC   365    24  2016     1     1  0.100251E+03  0.291482E+03  0.957626E+03  0.201190E+04  0.168422E+04  0.316594E+04  0.556292E+03  0.124541E+04  0.117088E+04  0.293399E+03  0.737721E+02
    ORGC   365    24  2017     1     1  0.475992E+02  0.286833E+03  0.966959E+03  0.198981E+04  0.166871E+04  0.314620E+04  0.552916E+03  0.124189E+04  0.116674E+04  0.293336E+03  0.737735E+02
    ORGC   365    24  2018     1     1  0.673789E+02  0.288145E+03  0.982504E+03  0.198013E+04  0.166257E+04  0.313568E+04  0.552025E+03  0.124156E+04  0.116748E+04  0.293280E+03  0.737749E+02
    ORGC   365    24  2019     1     1           NaN           NaN           NaN           NaN           NaN           NaN           NaN           NaN           NaN           NaN           NaN
    ORGC   365    24  2020     1     1           NaN           NaN           NaN           NaN           NaN           NaN           NaN           NaN           NaN           NaN           NaN
    ORGC   365    24  2021     1     1           NaN           NaN           NaN           NaN           NaN           NaN           NaN           NaN           NaN           NaN           NaN
    ORGC   365    24  2022     1     1           NaN           NaN           NaN           NaN           NaN           NaN           NaN           NaN           NaN           NaN           NaN
