-0.033,-1.5,0.2,5.33,400,10,1,0,0,0,0,0,0,1,1,1,8,0,2,0
0.01,0.05,0.15,0.25,0.55,0.65,1.35,2.0
1.399999976158142,1.399999976158142,1.399999976158142,1.350000023841858,1.350000023841858,1.350000023841858,1.25,1.25
0.3120000076293945,0.3120000076293945,0.3120000076293945,0.3270000076293945,0.33599998474121096,0.3370000076293945,0.28100000381469725,0.28100000381469725
0.17200000762939452,0.17200000762939452,0.17200000762939452,0.19700000762939454,0.21200000762939453,0.21399999618530274,0.12800000190734864,0.12800000190734864
32.4,32.4,32.4,9.720000171661377,9.720000171661377,9.720000171661377,32.4,32.4
32.4,32.4,32.4,9.720000171661377,9.720000171661377,9.720000171661377,32.4,32.4
130.0,130.0,130.0,100.0,80.0,70.0,90.0,90.0
630.0,630.0,630.0,590.0,560.0,550.0,660.0,660.0
0.01,0.01,0.01,0.01,0.0,0.0,0.0,0.0
0,0,0,0,0,0,0,0
5.800000190734863,5.800000190734863,5.800000190734863,5.900000095367432,6.300000190734863,6.800000190734863,7.800000190734863,7.800000190734863
20.100000381469727,20.100000381469727,20.100000381469727,24.899999618530273,27.899999618530273,28.5,19.200000762939453,19.200000762939453
2.5,2.5,2.5,2.5,2.5,2.5,2.5,2.5
17.4,17.4,17.4,14.499999999999998,8.7,4.35,1.45,1.45
0,0,0,0,0,0,0,0
-1,-1,-1,-1,-1,-1,-1,-1
-1,-1,-1,-1,-1,-1,-1,-1
3,3,3,3,3,3,3,3
12,12,12,12,12,12,12,12
10,10,10,10,10,10,10,10
-1,-1,-1,-1,-1,-1,-1,-1
-1,-1,-1,-1,-1,-1,-1,-1
40,40,40,40,40,40,40,40
120,120,120,120,120,120,120,120
23,23,23,23,23,23,23,23
39,39,39,39,39,39,39,39
48,48,48,48,48,48,48,48
35,35,35,35,35,35,35,35
50,50,50,50,50,50,50,50
50,50,50,50,50,50,50,50
50,50,50,50,50,50,50,50
50,50,50,50,50,50,50,50
1000,1000,1000,1000,1000,1000,1000,1000
2000,2000,2000,2000,2000,2000,2000,2000
0,0,0,0,0,0,0,0
0,0,0,0,0,0,0,0
0.025,0.025,0.025,0.025,0.025,0.025,0.025,0.025
0.25,0.25,0.25,0.25,0.25,0.25,0.25,0.25
0.25,0.25,0.25,0.25,0.25,0.25,0.25,0.25
0.6,0.6,0.6,0.6,0.6,0.6,0.6,0.6
0.16,0.16,0.16,0.16,0.16,0.16,0.16,0.16
3,3,3,3,3,3,3,3
1,1,1,1,1,1,1,1
0,0,0,0,0,0,0,0
45,45,45,45,45,45,45,45
1.5,1.5,1.5,1.5,1.5,1.5,1.5,1.5
0.15,0.15,0.15,0.15,0.15,0.15,0.15,0.15
0,0,0,0,0,0,0,0
0,0,0,0,0,0,0,0
0,0,0,0,0,0,0,0
0,0,0,0,0,0,0,0
0,0,0,0,0,0,0,0
0,0,0,0,0,0,0,0
