3 2 0 1 1 0 2 0 0 2 3
45.0 9.5 0.0 12.5 500.0 0.0 0.167 0.0 405.0 0.01557796607769514 0.0 0.70
0.20 0.075 0.20 0.075
0.025 0.015 0.0 -1.0 -1.0 12.5 0.10
12.988101444634992 5.0 -1.0 0.25
0.0090 0.125 0.25
0.25 0.25 0.25 0.25 0.95 45.0 45.0
0.8807827335564153 3.9340866951945044 0.20 0.15 0.40E-03 0.0
2.5E-04 1.0E-04 0.35 0.10 1.0E+04 4.0E+08 2.5E-02 250.0 250.0
2.5E-02 0.40 0.0125
2.5E-02 0.35 0.030
5.0E-03 0.075 0.002
-1.5 -5.0 5.0E+03
7.2E-01 7.6E-01 8.0E-01 6.7E-01 7.6E-01 7.6E-01 6.7E-01 7.6E-01 6.7E-01
12.5E-02 2.5E-02 2.0E-02 12.0E-02 2.5E-02 2.5E-02 12.0E-02 2.5E-02 12.5E-02
12.5E-03 2.5E-03 2.0E-03 12.0E-03 2.5E-03 2.5E-03 12.0E-03 2.5E-03 12.5E-03
