    ORGC   365    24  1995     1     1  0.309391E+03  0.312348E+03  0.700591E+03  0.162807E+04  0.164234E+04  0.195264E+04  0.678213E+03  0.454950E+04  0.425414E+04  0.105922E+04  0.265063E+03
    ORGC   365    24  1996     1     1  0.618287E+03  0.359095E+03  0.712198E+03  0.160565E+04  0.161900E+04  0.193283E+04  0.666502E+03  0.452490E+04  0.424131E+04  0.105835E+04  0.265045E+03
    ORGC   365    24  1997     1     1  0.325649E+03  0.485695E+03  0.754291E+03  0.159846E+04  0.160972E+04  0.192249E+04  0.663941E+03  0.450920E+04  0.422702E+04  0.105752E+04  0.265063E+03
    ORGC   365    24  1998     1     1  0.418166E+03  0.555300E+03  0.742116E+03  0.156947E+04  0.158303E+04  0.190309E+04  0.654890E+03  0.448411E+04  0.421245E+04  0.105645E+04  0.265085E+03
    ORGC   365    24  1999     1     1  0.344287E+03  0.608929E+03  0.770701E+03  0.156346E+04  0.157424E+04  0.189616E+04  0.652257E+03  0.447061E+04  0.419544E+04  0.105543E+04  0.265102E+03
    ORGC   365    24  2000     1     1  0.639457E+03  0.675612E+03  0.767607E+03  0.154630E+04  0.155852E+04  0.188756E+04  0.649947E+03  0.445516E+04  0.419077E+04  0.105446E+04  0.265110E+03
    ORGC   365    24  2001     1     1  0.304356E+03  0.784981E+03  0.814889E+03  0.154685E+04  0.155603E+04  0.188479E+04  0.647066E+03  0.443922E+04  0.417701E+04  0.105353E+04  0.265127E+03
    ORGC   365    24  2002     1     1  0.661759E+03  0.793214E+03  0.801228E+03  0.152822E+04  0.153743E+04  0.187385E+04  0.645156E+03  0.442371E+04  0.416891E+04  0.105255E+04  0.265137E+03
    ORGC   365    24  2003     1     1  0.324687E+03  0.932726E+03  0.857039E+03  0.153344E+04  0.153627E+04  0.187429E+04  0.642019E+03  0.441374E+04  0.415435E+04  0.105175E+04  0.265142E+03
    ORGC   365    24  2004     1     1  0.515621E+03  0.931274E+03  0.829006E+03  0.150647E+04  0.151258E+04  0.185867E+04  0.639900E+03  0.439619E+04  0.414704E+04  0.105077E+04  0.265145E+03
    ORGC   365    24  2005     1     1  0.240641E+03  0.994094E+03  0.859234E+03  0.150158E+04  0.150649E+04  0.184992E+04  0.636754E+03  0.438266E+04  0.413092E+04  0.104983E+04  0.265137E+03
    ORGC   365    24  2006     1     1  0.435293E+03  0.109393E+04  0.874762E+03  0.149278E+04  0.149758E+04  0.184863E+04  0.639024E+03  0.437333E+04  0.412898E+04  0.104895E+04  0.265135E+03
    ORGC   365    24  2007     1     1  0.280883E+03  0.112368E+04  0.899790E+03  0.148521E+04  0.148907E+04  0.184143E+04  0.633544E+03  0.435863E+04  0.411252E+04  0.104801E+04  0.265125E+03
    ORGC   365    24  2008     1     1  0.230180E+03  0.110659E+04  0.884297E+03  0.147020E+04  0.147400E+04  0.183093E+04  0.631701E+03  0.434212E+04  0.409841E+04  0.104708E+04  0.265128E+03
    ORGC   365    24  2009     1     1  0.316153E+03  0.117017E+04  0.915990E+03  0.147317E+04  0.147130E+04  0.182952E+04  0.630358E+03  0.433441E+04  0.408958E+04  0.104630E+04  0.265125E+03
    ORGC   365    24  2010     1     1  0.360127E+03  0.116572E+04  0.907001E+03  0.145596E+04  0.145652E+04  0.181933E+04  0.625403E+03  0.431926E+04  0.407657E+04  0.104533E+04  0.265104E+03
    ORGC   365    24  2011     1     1  0.603480E+03  0.119924E+04  0.901646E+03  0.144479E+04  0.144780E+04  0.181809E+04  0.627534E+03  0.430853E+04  0.407607E+04  0.104438E+04  0.265087E+03
    ORGC   365    24  2012     1     1  0.284895E+03  0.125785E+04  0.917020E+03  0.143534E+04  0.143996E+04  0.181306E+04  0.625056E+03  0.429285E+04  0.406214E+04  0.104333E+04  0.265050E+03
    ORGC   365    24  2013     1     1  0.554185E+03  0.130604E+04  0.923261E+03  0.142513E+04  0.142857E+04  0.180562E+04  0.622684E+03  0.428171E+04  0.405632E+04  0.104248E+04  0.265026E+03
    ORGC   365    24  2014     1     1  0.302711E+03  0.136340E+04  0.968570E+03  0.142824E+04  0.142805E+04  0.180257E+04  0.620228E+03  0.427385E+04  0.404333E+04  0.104174E+04  0.265005E+03
    ORGC   365    24  2015     1     1  0.540464E+03  0.139369E+04  0.948232E+03  0.141341E+04  0.141174E+04  0.179485E+04  0.618240E+03  0.426117E+04  0.403840E+04  0.104091E+04  0.264976E+03
    ORGC   365    24  2016     1     1  0.307755E+03  0.142143E+04  0.966770E+03  0.140677E+04  0.140568E+04  0.179359E+04  0.615246E+03  0.424647E+04  0.402029E+04  0.103992E+04  0.264940E+03
    ORGC   365    24  2017     1     1  0.679308E+03  0.144450E+04  0.947157E+03  0.138846E+04  0.139047E+04  0.178308E+04  0.615152E+03  0.423370E+04  0.401576E+04  0.103894E+04  0.264902E+03
    ORGC   365    24  2018     1     1  0.268423E+03  0.150174E+04  0.981058E+03  0.138149E+04  0.138085E+04  0.177821E+04  0.611921E+03  0.422026E+04  0.400277E+04  0.103810E+04  0.264874E+03
    ORGC   365    24  2019     1     1  0.350695E+03  0.122171E+04  0.136655E+04  0.136888E+04  0.136387E+04  0.176598E+04  0.609094E+03  0.420556E+04  0.399357E+04  0.103718E+04  0.264850E+03
    ORGC   365    24  2020     1     1  0.287256E+03  0.127420E+04  0.129268E+04  0.138353E+04  0.136659E+04  0.176151E+04  0.610456E+03  0.419830E+04  0.398065E+04  0.103635E+04  0.264820E+03
    ORGC   365    24  2021     1     1  0.376664E+03  0.133505E+04  0.127177E+04  0.136602E+04  0.135317E+04  0.175954E+04  0.610289E+03  0.418875E+04  0.397854E+04  0.103549E+04  0.264781E+03
    ORGC   365    24  2022     1     1  0.292248E+03  0.134677E+04  0.127467E+04  0.136802E+04  0.135167E+04  0.175953E+04  0.608421E+03  0.417674E+04  0.396233E+04  0.103463E+04  0.264749E+03
