    ORGN   365    24  1995     1     1  0.231898E+02  0.240432E+02  0.570591E+02  0.136574E+03  0.138751E+03  0.200636E+03  0.683722E+02  0.474049E+03  0.444330E+03  0.132319E+03  0.331270E+02
    ORGN   365    24  1996     1     1  0.159600E+02  0.259339E+02  0.576050E+02  0.134051E+03  0.136464E+03  0.198554E+03  0.675528E+02  0.471295E+03  0.442732E+03  0.132178E+03  0.331217E+02
    ORGN   365    24  1997     1     1  0.155519E+02  0.337315E+02  0.599369E+02  0.133094E+03  0.135440E+03  0.197382E+03  0.672356E+02  0.469467E+03  0.441340E+03  0.132051E+03  0.331229E+02
    ORGN   365    24  1998     1     1  0.123878E+02  0.360663E+02  0.589144E+02  0.130809E+03  0.133414E+03  0.195754E+03  0.666288E+02  0.467059E+03  0.439803E+03  0.131905E+03  0.331253E+02
    ORGN   365    24  1999     1     1  0.158096E+02  0.415789E+02  0.610317E+02  0.130184E+03  0.132643E+03  0.194966E+03  0.664246E+02  0.465544E+03  0.438208E+03  0.131768E+03  0.331271E+02
    ORGN   365    24  2000     1     1  0.199984E+02  0.443543E+02  0.602843E+02  0.128418E+03  0.131109E+03  0.193893E+03  0.660614E+02  0.463738E+03  0.437235E+03  0.131638E+03  0.331279E+02
    ORGN   365    24  2001     1     1  0.165008E+02  0.521529E+02  0.626614E+02  0.127759E+03  0.130422E+03  0.193217E+03  0.657875E+02  0.462044E+03  0.435913E+03  0.131512E+03  0.331299E+02
    ORGN   365    24  2002     1     1  0.189457E+02  0.523329E+02  0.620200E+02  0.126339E+03  0.129026E+03  0.192158E+03  0.654902E+02  0.460310E+03  0.434782E+03  0.131383E+03  0.331310E+02
    ORGN   365    24  2003     1     1  0.166216E+02  0.617830E+02  0.652212E+02  0.126218E+03  0.128581E+03  0.191802E+03  0.652757E+02  0.459183E+03  0.433507E+03  0.131273E+03  0.331314E+02
    ORGN   365    24  2004     1     1  0.193398E+02  0.613433E+02  0.635939E+02  0.124263E+03  0.126875E+03  0.190558E+03  0.649693E+02  0.457375E+03  0.432438E+03  0.131147E+03  0.331317E+02
    ORGN   365    24  2005     1     1  0.128428E+02  0.668701E+02  0.657233E+02  0.123699E+03  0.126258E+03  0.189716E+03  0.647412E+02  0.455989E+03  0.431014E+03  0.131026E+03  0.331306E+02
    ORGN   365    24  2006     1     1  0.166007E+02  0.703958E+02  0.657949E+02  0.122538E+03  0.125244E+03  0.189079E+03  0.646394E+02  0.454542E+03  0.430203E+03  0.130909E+03  0.331303E+02
    ORGN   365    24  2007     1     1  0.152949E+02  0.736813E+02  0.667877E+02  0.121427E+03  0.124214E+03  0.188238E+03  0.642758E+02  0.453022E+03  0.428815E+03  0.130787E+03  0.331290E+02
    ORGN   365    24  2008     1     1  0.102071E+02  0.733373E+02  0.666065E+02  0.120548E+03  0.123289E+03  0.187500E+03  0.640882E+02  0.451478E+03  0.427463E+03  0.130669E+03  0.331293E+02
    ORGN   365    24  2009     1     1  0.141294E+02  0.772330E+02  0.680959E+02  0.120178E+03  0.122724E+03  0.187024E+03  0.638857E+02  0.450382E+03  0.426467E+03  0.130566E+03  0.331287E+02
    ORGN   365    24  2010     1     1  0.170525E+02  0.772148E+02  0.673640E+02  0.118684E+03  0.121437E+03  0.186044E+03  0.634787E+02  0.448805E+03  0.425180E+03  0.130446E+03  0.331261E+02
    ORGN   365    24  2011     1     1  0.171479E+02  0.788273E+02  0.671553E+02  0.117721E+03  0.120635E+03  0.185473E+03  0.633820E+02  0.447312E+03  0.424415E+03  0.130325E+03  0.331241E+02
    ORGN   365    24  2012     1     1  0.179865E+02  0.831960E+02  0.674743E+02  0.116562E+03  0.119728E+03  0.184794E+03  0.631432E+02  0.445026E+03  0.423130E+03  0.130193E+03  0.331194E+02
    ORGN   365    24  2013     1     1  0.170540E+02  0.839991E+02  0.678901E+02  0.115777E+03  0.118835E+03  0.184089E+03  0.628952E+02  0.443867E+03  0.422232E+03  0.130081E+03  0.331164E+02
    ORGN   365    24  2014     1     1  0.153109E+02  0.901969E+02  0.716623E+02  0.116225E+03  0.119024E+03  0.183246E+03  0.627535E+02  0.443124E+03  0.420941E+03  0.129982E+03  0.331137E+02
    ORGN   365    24  2015     1     1  0.188971E+02  0.899161E+02  0.696435E+02  0.114653E+03  0.117478E+03  0.182719E+03  0.624759E+02  0.441863E+03  0.420160E+03  0.129875E+03  0.331100E+02
    ORGN   365    24  2016     1     1  0.149276E+02  0.935295E+02  0.708691E+02  0.113918E+03  0.116801E+03  0.182373E+03  0.622416E+02  0.440516E+03  0.418643E+03  0.129750E+03  0.331056E+02
    ORGN   365    24  2017     1     1  0.211159E+02  0.933270E+02  0.691628E+02  0.112254E+03  0.115461E+03  0.181384E+03  0.620050E+02  0.439048E+03  0.417697E+03  0.129625E+03  0.331008E+02
    ORGN   365    24  2018     1     1  0.127797E+02  0.984994E+02  0.716465E+02  0.111753E+03  0.114734E+03  0.180866E+03  0.617957E+02  0.437784E+03  0.416581E+03  0.129515E+03  0.330974E+02
    ORGN   365    24  2019     1     1  0.115064E+02  0.789851E+02  0.922741E+02  0.110370E+03  0.113367E+03  0.179772E+03  0.614791E+02  0.436228E+03  0.415458E+03  0.129399E+03  0.330944E+02
    ORGN   365    24  2020     1     1  0.141040E+02  0.835028E+02  0.917833E+02  0.111062E+03  0.113209E+03  0.179170E+03  0.614584E+02  0.435212E+03  0.414216E+03  0.129291E+03  0.330905E+02
    ORGN   365    24  2021     1     1  0.144451E+02  0.858833E+02  0.909370E+02  0.109959E+03  0.112237E+03  0.178647E+03  0.613094E+02  0.433940E+03  0.413454E+03  0.129181E+03  0.330857E+02
    ORGN   365    24  2022     1     1  0.147260E+02  0.877618E+02  0.901685E+02  0.109179E+03  0.111514E+03  0.178104E+03  0.610725E+02  0.432651E+03  0.412096E+03  0.129070E+03  0.330816E+02
