-0.033,-1.5,0.2,5.33,400,10,1,0,0,0,0,0,0,1,1,1,8,0,2,0
0.01,0.05,0.15,0.25,0.55,0.65,1.35,2.0
1.450000047683715,1.450000047683715,1.450000047683715,1.450000047683715,1.5,1.5,1.5,1.5
0.27,0.27,0.27,0.27,0.24799999237060547,0.24799999237060547,0.24799999237060547,0.3039999961853027
0.11399999618530274,0.11399999618530274,0.11399999618530274,0.11399999618530274,0.16799999237060548,0.16799999237060548,0.16799999237060548,0.16
33.0120002746582,33.0120002746582,33.0120002746582,33.0120002746582,33.0120002746582,33.0120002746582,33.0120002746582,83.84400329589843
33.0120002746582,33.0120002746582,33.0120002746582,33.0120002746582,33.0120002746582,33.0120002746582,33.0120002746582,83.84400329589843
410.0,410.0,410.0,410.0,500.0,500.0,500.0,500.0
450.0,450.0,450.0,450.0,250.0,250.0,250.0,250.0
0.01,0.01,0.01,0.01,0.0,0.0,0.0,0.0
0,0,0,0,0,0,0,0
6.5,6.5,6.5,6.5,6.199999809265137,6.199999809265137,6.199999809265137,5.599999904632568
10.5,10.5,10.5,10.5,15.0,15.0,15.0,11.5
2.5,2.5,2.5,2.5,2.5,2.5,2.5,2.5
11.6,11.6,11.6,11.6,4.35,4.35,4.35,4.35
0,0,0,0,0,0,0,0
-1,-1,-1,-1,-1,-1,-1,-1
-1,-1,-1,-1,-1,-1,-1,-1
3,3,3,3,3,3,3,3
12,12,12,12,12,12,12,12
10,10,10,10,10,10,10,10
-1,-1,-1,-1,-1,-1,-1,-1
-1,-1,-1,-1,-1,-1,-1,-1
40,40,40,40,40,40,40,40
120,120,120,120,120,120,120,120
23,23,23,23,23,23,23,23
39,39,39,39,39,39,39,39
48,48,48,48,48,48,48,48
35,35,35,35,35,35,35,35
50,50,50,50,50,50,50,50
50,50,50,50,50,50,50,50
50,50,50,50,50,50,50,50
50,50,50,50,50,50,50,50
1000,1000,1000,1000,1000,1000,1000,1000
2000,2000,2000,2000,2000,2000,2000,2000
0,0,0,0,0,0,0,0
0,0,0,0,0,0,0,0
0.025,0.025,0.025,0.025,0.025,0.025,0.025,0.025
0.25,0.25,0.25,0.25,0.25,0.25,0.25,0.25
0.25,0.25,0.25,0.25,0.25,0.25,0.25,0.25
0.6,0.6,0.6,0.6,0.6,0.6,0.6,0.6
0.16,0.16,0.16,0.16,0.16,0.16,0.16,0.16
3,3,3,3,3,3,3,3
1,1,1,1,1,1,1,1
0,0,0,0,0,0,0,0
45,45,45,45,45,45,45,45
1.5,1.5,1.5,1.5,1.5,1.5,1.5,1.5
0.15,0.15,0.15,0.15,0.15,0.15,0.15,0.15
0,0,0,0,0,0,0,0
0,0,0,0,0,0,0,0
0,0,0,0,0,0,0,0
0,0,0,0,0,0,0,0
0,0,0,0,0,0,0,0
0,0,0,0,0,0,0,0
