    ORGC   365    24  1995     1     1  0.247811E+03  0.404511E+03  0.110626E+04  0.266794E+04  0.269557E+04  0.123500E+04  0.433126E+03  0.283525E+04  0.133779E+04  0.325151E+03  0.814262E+02
    ORGC   365    24  1996     1     1  0.600747E+02  0.378832E+03  0.106096E+04  0.260522E+04  0.265220E+04  0.121464E+04  0.422103E+03  0.281636E+04  0.132783E+04  0.325129E+03  0.814099E+02
    ORGC   365    24  1997     1     1  0.290101E+03  0.446677E+03  0.107797E+04  0.260197E+04  0.265012E+04  0.121952E+04  0.425646E+03  0.281254E+04  0.133079E+04  0.325126E+03  0.814095E+02
    ORGC   365    24  1998     1     1  0.496581E+02  0.432546E+03  0.103995E+04  0.254476E+04  0.260813E+04  0.120207E+04  0.416787E+03  0.279630E+04  0.132170E+04  0.325116E+03  0.814195E+02
    ORGC   365    24  1999     1     1  0.340377E+03  0.466269E+03  0.105701E+04  0.254849E+04  0.260797E+04  0.121426E+04  0.419635E+03  0.279190E+04  0.132233E+04  0.325087E+03  0.814281E+02
    ORGC   365    24  2000     1     1  0.854413E+02  0.472575E+03  0.102081E+04  0.249648E+04  0.257125E+04  0.119592E+04  0.413457E+03  0.278024E+04  0.131561E+04  0.325036E+03  0.814370E+02
    ORGC   365    24  2001     1     1  0.218510E+03  0.545288E+03  0.103895E+04  0.249631E+04  0.256941E+04  0.120340E+04  0.419472E+03  0.277748E+04  0.131935E+04  0.324990E+03  0.814454E+02
    ORGC   365    24  2002     1     1  0.657177E+02  0.521660E+03  0.100651E+04  0.244967E+04  0.253548E+04  0.118815E+04  0.411728E+03  0.276566E+04  0.131256E+04  0.324938E+03  0.814568E+02
    ORGC   365    24  2003     1     1  0.268377E+03  0.597189E+03  0.102773E+04  0.245331E+04  0.253843E+04  0.119683E+04  0.417460E+03  0.276636E+04  0.131798E+04  0.324894E+03  0.814620E+02
    ORGC   365    24  2004     1     1  0.637083E+02  0.560795E+03  0.995461E+03  0.240778E+04  0.250347E+04  0.118198E+04  0.409869E+03  0.275378E+04  0.131060E+04  0.324853E+03  0.814808E+02
    ORGC   365    24  2005     1     1  0.136801E+03  0.578659E+03  0.988275E+03  0.239431E+04  0.249766E+04  0.118662E+04  0.413600E+03  0.274911E+04  0.131410E+04  0.324784E+03  0.814864E+02
    ORGC   365    24  2006     1     1  0.363128E+02  0.577314E+03  0.970613E+03  0.236425E+04  0.246950E+04  0.117511E+04  0.407606E+03  0.273939E+04  0.130747E+04  0.324723E+03  0.814953E+02
    ORGC   365    24  2007     1     1  0.211840E+03  0.637884E+03  0.986025E+03  0.236829E+04  0.247290E+04  0.118624E+04  0.415309E+03  0.274021E+04  0.131352E+04  0.324666E+03  0.815035E+02
    ORGC   365    24  2008     1     1  0.301565E+03  0.700870E+03  0.101083E+04  0.236018E+04  0.246339E+04  0.118816E+04  0.417098E+03  0.273866E+04  0.131652E+04  0.324651E+03  0.815130E+02
    ORGC   365    24  2009     1     1  0.416057E+02  0.562665E+03  0.108869E+04  0.231913E+04  0.243087E+04  0.117165E+04  0.407982E+03  0.272629E+04  0.130789E+04  0.324630E+03  0.815381E+02
    ORGC   365    24  2010     1     1  0.209276E+03  0.607284E+03  0.107876E+04  0.231417E+04  0.242293E+04  0.117791E+04  0.407539E+03  0.272116E+04  0.130583E+04  0.324566E+03  0.815502E+02
    ORGC   365    24  2011     1     1  0.468152E+02  0.516023E+03  0.113977E+04  0.227617E+04  0.239536E+04  0.116427E+04  0.403776E+03  0.271154E+04  0.130072E+04  0.324483E+03  0.815623E+02
    ORGC   365    24  2012     1     1  0.149130E+03  0.562460E+03  0.112824E+04  0.227731E+04  0.240054E+04  0.117397E+04  0.412241E+03  0.271393E+04  0.130710E+04  0.324397E+03  0.815645E+02
    ORGC   365    24  2013     1     1  0.339948E+02  0.486315E+03  0.117580E+04  0.224057E+04  0.236753E+04  0.115923E+04  0.403632E+03  0.270177E+04  0.130008E+04  0.324330E+03  0.815700E+02
    ORGC   365    24  2014     1     1  0.172573E+03  0.501767E+03  0.129815E+04  0.225406E+04  0.237401E+04  0.116882E+04  0.410084E+03  0.270345E+04  0.130625E+04  0.324280E+03  0.815744E+02
    ORGC   365    24  2015     1     1  0.175100E+02  0.320962E+03  0.106447E+04  0.242623E+04  0.246359E+04  0.115558E+04  0.402396E+03  0.269284E+04  0.129896E+04  0.324226E+03  0.815833E+02
    ORGC   365    24  2016     1     1  0.229152E+03  0.374652E+03  0.106730E+04  0.240137E+04  0.243445E+04  0.116432E+04  0.408376E+03  0.268968E+04  0.130419E+04  0.324160E+03  0.815890E+02
    ORGC   365    24  2017     1     1  0.448078E+02  0.349997E+03  0.107629E+04  0.234933E+04  0.238946E+04  0.114950E+04  0.400512E+03  0.267857E+04  0.129614E+04  0.324087E+03  0.815988E+02
    ORGC   365    24  2018     1     1  0.146907E+03  0.384025E+03  0.115437E+04  0.235083E+04  0.238394E+04  0.115690E+04  0.405680E+03  0.267786E+04  0.130140E+04  0.324022E+03  0.816020E+02
    ORGC   365    24  2019     1     1  0.291155E+02  0.349095E+03  0.111117E+04  0.230435E+04  0.234264E+04  0.114324E+04  0.398363E+03  0.266686E+04  0.129371E+04  0.323962E+03  0.816122E+02
    ORGC   365    24  2020     1     1  0.228248E+03  0.374457E+03  0.110348E+04  0.230027E+04  0.233589E+04  0.115179E+04  0.404275E+03  0.266607E+04  0.129832E+04  0.323901E+03  0.816203E+02
    ORGC   365    24  2021     1     1  0.370800E+02  0.358666E+03  0.110766E+04  0.225428E+04  0.229608E+04  0.113768E+04  0.396622E+03  0.265497E+04  0.129062E+04  0.323828E+03  0.816289E+02
    ORGC   365    24  2022     1     1  0.761903E+02  0.301102E+03  0.104339E+04  0.245389E+04  0.246090E+04  0.115399E+04  0.405557E+03  0.265662E+04  0.129675E+04  0.323764E+03  0.816310E+02
