    ORGN   365    24  1995     1     1  0.298882E+02  0.318085E+02  0.825188E+02  0.202642E+03  0.206210E+03  0.137063E+03  0.467038E+02  0.319753E+03  0.163515E+03  0.405992E+02  0.101704E+02
    ORGN   365    24  1996     1     1  0.640538E+01  0.294398E+02  0.801048E+02  0.198125E+03  0.203107E+03  0.135590E+03  0.460327E+02  0.317924E+03  0.162718E+03  0.405814E+02  0.101660E+02
    ORGN   365    24  1997     1     1  0.360249E+02  0.355758E+02  0.803998E+02  0.196958E+03  0.202338E+03  0.135479E+03  0.461173E+02  0.317184E+03  0.162720E+03  0.405722E+02  0.101652E+02
    ORGN   365    24  1998     1     1  0.590707E+01  0.337009E+02  0.785103E+02  0.193297E+03  0.199630E+03  0.134293E+03  0.455943E+02  0.315756E+03  0.162037E+03  0.405639E+02  0.101662E+02
    ORGN   365    24  1999     1     1  0.308732E+02  0.355122E+02  0.786241E+02  0.192591E+03  0.198996E+03  0.134465E+03  0.456183E+02  0.315047E+03  0.161973E+03  0.405552E+02  0.101671E+02
    ORGN   365    24  2000     1     1  0.719916E+01  0.358384E+02  0.767497E+02  0.189476E+03  0.196713E+03  0.133443E+03  0.452479E+02  0.313915E+03  0.161384E+03  0.405449E+02  0.101681E+02
    ORGN   365    24  2001     1     1  0.230175E+02  0.419176E+02  0.772358E+02  0.188655E+03  0.196037E+03  0.133453E+03  0.454440E+02  0.313351E+03  0.161362E+03  0.405354E+02  0.101691E+02
    ORGN   365    24  2002     1     1  0.627906E+01  0.393363E+02  0.755651E+02  0.185839E+03  0.193917E+03  0.132518E+03  0.450198E+02  0.312281E+03  0.160861E+03  0.405252E+02  0.101705E+02
    ORGN   365    24  2003     1     1  0.248859E+02  0.449267E+02  0.763306E+02  0.185345E+03  0.193583E+03  0.132673E+03  0.452086E+02  0.311888E+03  0.161040E+03  0.405161E+02  0.101712E+02
    ORGN   365    24  2004     1     1  0.583537E+01  0.420536E+02  0.746870E+02  0.182597E+03  0.191411E+03  0.131719E+03  0.447700E+02  0.310843E+03  0.160479E+03  0.405074E+02  0.101735E+02
    ORGN   365    24  2005     1     1  0.155950E+02  0.436463E+02  0.736696E+02  0.181235E+03  0.190718E+03  0.131861E+03  0.450000E+02  0.310220E+03  0.160535E+03  0.404959E+02  0.101742E+02
    ORGN   365    24  2006     1     1  0.368036E+01  0.430002E+02  0.724356E+02  0.179113E+03  0.188785E+03  0.130919E+03  0.445131E+02  0.309270E+03  0.159983E+03  0.404854E+02  0.101753E+02
    ORGN   365    24  2007     1     1  0.267121E+02  0.498813E+02  0.732004E+02  0.178698E+03  0.188419E+03  0.131066E+03  0.447411E+02  0.308849E+03  0.160136E+03  0.404751E+02  0.101763E+02
    ORGN   365    24  2008     1     1  0.321810E+02  0.537718E+02  0.755661E+02  0.178233E+03  0.187770E+03  0.131109E+03  0.448518E+02  0.308495E+03  0.160213E+03  0.404683E+02  0.101774E+02
    ORGN   365    24  2009     1     1  0.440409E+01  0.426169E+02  0.824902E+02  0.175858E+03  0.185740E+03  0.130124E+03  0.443380E+02  0.307511E+03  0.159590E+03  0.404611E+02  0.101805E+02
    ORGN   365    24  2010     1     1  0.165039E+02  0.449686E+02  0.800885E+02  0.174832E+03  0.184775E+03  0.130008E+03  0.442109E+02  0.306828E+03  0.159269E+03  0.404504E+02  0.101819E+02
    ORGN   365    24  2011     1     1  0.342353E+01  0.381200E+02  0.846066E+02  0.172311E+03  0.182937E+03  0.129183E+03  0.439033E+02  0.305882E+03  0.158813E+03  0.404381E+02  0.101834E+02
    ORGN   365    24  2012     1     1  0.281335E+02  0.465728E+02  0.840648E+02  0.172527E+03  0.183456E+03  0.129994E+03  0.446351E+02  0.305855E+03  0.159252E+03  0.404255E+02  0.101836E+02
    ORGN   365    24  2013     1     1  0.552305E+01  0.380219E+02  0.891356E+02  0.169714E+03  0.180893E+03  0.128667E+03  0.438704E+02  0.304762E+03  0.158603E+03  0.404152E+02  0.101843E+02
    ORGN   365    24  2014     1     1  0.215198E+02  0.400589E+02  0.100236E+03  0.170277E+03  0.180731E+03  0.128843E+03  0.440691E+02  0.304430E+03  0.158802E+03  0.404062E+02  0.101848E+02
    ORGN   365    24  2015     1     1  0.160105E+01  0.245112E+02  0.806804E+02  0.184558E+03  0.187736E+03  0.128026E+03  0.436130E+02  0.303533E+03  0.158231E+03  0.403971E+02  0.101858E+02
    ORGN   365    24  2016     1     1  0.250381E+02  0.295464E+02  0.798360E+02  0.181440E+03  0.184515E+03  0.128114E+03  0.437549E+02  0.302905E+03  0.158283E+03  0.403864E+02  0.101865E+02
    ORGN   365    24  2017     1     1  0.441655E+01  0.269929E+02  0.817244E+02  0.177721E+03  0.181137E+03  0.127179E+03  0.433095E+02  0.301904E+03  0.157684E+03  0.403748E+02  0.101877E+02
    ORGN   365    24  2018     1     1  0.216268E+02  0.324449E+02  0.851734E+02  0.178205E+03  0.172108E+03  0.128187E+03  0.441812E+02  0.302209E+03  0.158307E+03  0.403645E+02  0.101880E+02
    ORGN   365    24  2019     1     1  0.355440E+01  0.272539E+02  0.830565E+02  0.174491E+03  0.169784E+03  0.126562E+03  0.431681E+02  0.300844E+03  0.157439E+03  0.403558E+02  0.101893E+02
    ORGN   365    24  2020     1     1  0.113287E+02  0.279206E+02  0.818716E+02  0.174066E+03  0.169646E+03  0.127128E+03  0.436426E+02  0.300617E+03  0.157884E+03  0.403464E+02  0.101902E+02
    ORGN   365    24  2021     1     1  0.223307E+01  0.265380E+02  0.820654E+02  0.170697E+03  0.167442E+03  0.125793E+03  0.428959E+02  0.299416E+03  0.156999E+03  0.403369E+02  0.101912E+02
    ORGN   365    24  2022     1     1  0.811123E+01  0.230766E+02  0.786505E+02  0.186089E+03  0.185344E+03  0.126287E+03  0.431724E+02  0.299018E+03  0.157085E+03  0.403269E+02  0.101915E+02
