-0.033,-1.5,0.2,5.33,400,10,1,0,0,0,0,0,0,1,1,1,8,0,2,0
0.01,0.05,0.15,0.25,0.55,0.65,1.35,2.0
1.350000023841858,1.350000023841858,1.350000023841858,1.350000023841858,1.389999985694885,1.389999985694885,1.389999985694885,1.379999995231628
0.3120000076293945,0.3120000076293945,0.3120000076293945,0.3120000076293945,0.3160000038146973,0.3160000038146973,0.3160000038146973,0.28700000762939454
0.17200000762939452,0.17200000762939452,0.17200000762939452,0.17200000762939452,0.17799999237060546,0.17799999237060546,0.17799999237060546,0.13600000381469726
33.0120002746582,33.0120002746582,33.0120002746582,33.0120002746582,33.0120002746582,33.0120002746582,33.0120002746582,33.0120002746582
33.0120002746582,33.0120002746582,33.0120002746582,33.0120002746582,33.0120002746582,33.0120002746582,33.0120002746582,33.0120002746582
40.0,40.0,40.0,40.0,40.0,40.0,40.0,40.0
720.0,720.0,720.0,720.0,650.0,650.0,650.0,720.0
0.01,0.01,0.01,0.01,0.0,0.0,0.0,0.0
0,0,0,0,0,0,0,0
6.0,6.0,6.0,6.0,5.599999904632568,5.599999904632568,5.599999904632568,6.699999809265137
20.5,20.5,20.5,20.5,24.0,24.0,24.0,18.5
2.5,2.5,2.5,2.5,2.5,2.5,2.5,2.5
20.299999999999997,20.299999999999997,20.299999999999997,20.299999999999997,2.9,2.9,2.9,1.45
0,0,0,0,0,0,0,0
-1,-1,-1,-1,-1,-1,-1,-1
-1,-1,-1,-1,-1,-1,-1,-1
3,3,3,3,3,3,3,3
12,12,12,12,12,12,12,12
10,10,10,10,10,10,10,10
-1,-1,-1,-1,-1,-1,-1,-1
-1,-1,-1,-1,-1,-1,-1,-1
40,40,40,40,40,40,40,40
120,120,120,120,120,120,120,120
23,23,23,23,23,23,23,23
39,39,39,39,39,39,39,39
48,48,48,48,48,48,48,48
35,35,35,35,35,35,35,35
50,50,50,50,50,50,50,50
50,50,50,50,50,50,50,50
50,50,50,50,50,50,50,50
50,50,50,50,50,50,50,50
1000,1000,1000,1000,1000,1000,1000,1000
2000,2000,2000,2000,2000,2000,2000,2000
0,0,0,0,0,0,0,0
0,0,0,0,0,0,0,0
0.025,0.025,0.025,0.025,0.025,0.025,0.025,0.025
0.25,0.25,0.25,0.25,0.25,0.25,0.25,0.25
0.25,0.25,0.25,0.25,0.25,0.25,0.25,0.25
0.6,0.6,0.6,0.6,0.6,0.6,0.6,0.6
0.16,0.16,0.16,0.16,0.16,0.16,0.16,0.16
3,3,3,3,3,3,3,3
1,1,1,1,1,1,1,1
0,0,0,0,0,0,0,0
45,45,45,45,45,45,45,45
1.5,1.5,1.5,1.5,1.5,1.5,1.5,1.5
0.15,0.15,0.15,0.15,0.15,0.15,0.15,0.15
0,0,0,0,0,0,0,0
0,0,0,0,0,0,0,0
0,0,0,0,0,0,0,0
0,0,0,0,0,0,0,0
0,0,0,0,0,0,0,0
0,0,0,0,0,0,0,0
