    ORGN   365    24  1995     1     1  0.942805E+01  0.189284E+02  0.532262E+02  0.130225E+03  0.132208E+03  0.212006E+03  0.720481E+02  0.535449E+03  0.562417E+03  0.167637E+03  0.419524E+02
    ORGN   365    24  1996     1     1  0.122791E+02  0.228827E+02  0.536847E+02  0.127820E+03  0.129994E+03  0.209969E+03  0.713897E+02  0.531925E+03  0.560778E+03  0.167473E+03  0.419418E+02
    ORGN   365    24  1997     1     1  0.765754E+01  0.231039E+02  0.529302E+02  0.126006E+03  0.128459E+03  0.208312E+03  0.708751E+02  0.529155E+03  0.559161E+03  0.167321E+03  0.419370E+02
    ORGN   365    24  1998     1     1  0.795353E+01  0.265498E+02  0.539178E+02  0.124730E+03  0.127129E+03  0.207056E+03  0.704454E+02  0.526661E+03  0.557477E+03  0.167160E+03  0.419344E+02
    ORGN   365    24  1999     1     1  0.789225E+01  0.263195E+02  0.527315E+02  0.123237E+03  0.125938E+03  0.205720E+03  0.700642E+02  0.524186E+03  0.555924E+03  0.166991E+03  0.419318E+02
    ORGN   365    24  2000     1     1  0.874260E+01  0.284201E+02  0.527092E+02  0.121985E+03  0.124784E+03  0.204630E+03  0.697286E+02  0.521985E+03  0.554350E+03  0.166826E+03  0.419300E+02
    ORGN   365    24  2001     1     1  0.624149E+01  0.293351E+02  0.521464E+02  0.120732E+03  0.123746E+03  0.203532E+03  0.694037E+02  0.519757E+03  0.552859E+03  0.166661E+03  0.419287E+02
    ORGN   365    24  2002     1     1  0.532765E+01  0.301531E+02  0.524238E+02  0.120167E+03  0.122999E+03  0.202723E+03  0.693533E+02  0.517640E+03  0.551293E+03  0.166496E+03  0.419267E+02
    ORGN   365    24  2003     1     1  0.769103E+01  0.313421E+02  0.514829E+02  0.118739E+03  0.122018E+03  0.201763E+03  0.689893E+02  0.515738E+03  0.550030E+03  0.166343E+03  0.419253E+02
    ORGN   365    24  2004     1     1  0.562309E+01  0.324704E+02  0.514852E+02  0.117717E+03  0.120998E+03  0.200784E+03  0.688370E+02  0.513683E+03  0.548407E+03  0.166180E+03  0.419235E+02
    ORGN   365    24  2005     1     1  0.696556E+01  0.333687E+02  0.510153E+02  0.116624E+03  0.120166E+03  0.199956E+03  0.684748E+02  0.511833E+03  0.547086E+03  0.166022E+03  0.419212E+02
    ORGN   365    24  2006     1     1  0.762611E+01  0.359312E+02  0.519286E+02  0.115831E+03  0.119264E+03  0.199182E+03  0.682981E+02  0.510053E+03  0.545626E+03  0.165870E+03  0.419194E+02
    ORGN   365    24  2007     1     1  0.708964E+01  0.365586E+02  0.514412E+02  0.114772E+03  0.118414E+03  0.198323E+03  0.679584E+02  0.508146E+03  0.544280E+03  0.165706E+03  0.419172E+02
    ORGN   365    24  2008     1     1  0.464531E+01  0.315273E+02  0.584493E+02  0.113930E+03  0.117667E+03  0.197587E+03  0.676725E+02  0.506483E+03  0.543055E+03  0.165557E+03  0.419153E+02
    ORGN   365    24  2009     1     1  0.943117E+01  0.341952E+02  0.584270E+02  0.114084E+03  0.117281E+03  0.197151E+03  0.675393E+02  0.505076E+03  0.541896E+03  0.165420E+03  0.419132E+02
    ORGN   365    24  2010     1     1  0.503426E+01  0.297799E+02  0.632747E+02  0.112743E+03  0.116247E+03  0.196170E+03  0.671801E+02  0.503152E+03  0.540422E+03  0.165256E+03  0.419101E+02
    ORGN   365    24  2011     1     1  0.795664E+01  0.325439E+02  0.622389E+02  0.112033E+03  0.115427E+03  0.195618E+03  0.669480E+02  0.501577E+03  0.539164E+03  0.165108E+03  0.419075E+02
    ORGN   365    24  2012     1     1  0.593862E+01  0.301063E+02  0.674113E+02  0.111219E+03  0.114808E+03  0.194894E+03  0.668186E+02  0.499954E+03  0.537975E+03  0.164940E+03  0.419040E+02
    ORGN   365    24  2013     1     1  0.134805E+02  0.317353E+02  0.663524E+02  0.110989E+03  0.114306E+03  0.194490E+03  0.668037E+02  0.498467E+03  0.536922E+03  0.164802E+03  0.419007E+02
    ORGN   365    24  2014     1     1  0.642067E+01  0.298102E+02  0.715170E+02  0.110484E+03  0.113746E+03  0.193865E+03  0.665562E+02  0.497123E+03  0.535931E+03  0.164669E+03  0.418978E+02
    ORGN   365    24  2015     1     1  0.766650E+01  0.312164E+02  0.693928E+02  0.109788E+03  0.112975E+03  0.193200E+03  0.662800E+02  0.495676E+03  0.534797E+03  0.164531E+03  0.418948E+02
    ORGN   365    24  2016     1     1  0.729033E+01  0.314797E+02  0.675847E+02  0.108549E+03  0.112112E+03  0.192278E+03  0.659735E+02  0.493808E+03  0.533318E+03  0.164363E+03  0.418913E+02
    ORGN   365    24  2017     1     1  0.530739E+01  0.327439E+02  0.670443E+02  0.107790E+03  0.111315E+03  0.191593E+03  0.656442E+02  0.492000E+03  0.531694E+03  0.164198E+03  0.418880E+02
    ORGN   365    24  2018     1     1  0.385451E+01  0.297314E+02  0.715995E+02  0.106812E+03  0.110482E+03  0.190686E+03  0.654229E+02  0.490199E+03  0.530332E+03  0.164039E+03  0.418848E+02
    ORGN   365    24  2019     1     1  0.417002E+01  0.308965E+02  0.703244E+02  0.106301E+03  0.109919E+03  0.190134E+03  0.652803E+02  0.488854E+03  0.527263E+03  0.163880E+03  0.418809E+02
    ORGN   365    24  2020     1     1  0.506976E+01  0.289495E+02  0.736726E+02  0.105301E+03  0.109146E+03  0.189362E+03  0.650606E+02  0.487136E+03  0.526194E+03  0.163731E+03  0.418770E+02
    ORGN   365    24  2021     1     1  0.448750E+01  0.283871E+02  0.772161E+02  0.105002E+03  0.108508E+03  0.188769E+03  0.650189E+02  0.485473E+03  0.524951E+03  0.163583E+03  0.418732E+02
    ORGN   365    24  2022     1     1  0.736115E+01  0.284063E+02  0.740798E+02  0.104183E+03  0.107874E+03  0.188117E+03  0.647476E+02  0.483919E+03  0.523872E+03  0.163435E+03  0.418690E+02
