    ORGC   365    24  1995     1     1  0.207992E+03  0.264658E+03  0.636133E+03  0.151120E+04  0.152354E+04  0.205592E+04  0.708643E+03  0.513280E+04  0.537822E+04  0.134188E+04  0.335746E+03
    ORGC   365    24  1996     1     1  0.145530E+03  0.293868E+03  0.645571E+03  0.148732E+04  0.150009E+04  0.203832E+04  0.701143E+03  0.510323E+04  0.536236E+04  0.134091E+04  0.335693E+03
    ORGC   365    24  1997     1     1  0.186560E+03  0.311113E+03  0.636492E+03  0.146921E+04  0.148478E+04  0.202255E+04  0.695876E+03  0.507823E+04  0.534958E+04  0.133993E+04  0.335667E+03
    ORGC   365    24  1998     1     1  0.161462E+03  0.354511E+03  0.650730E+03  0.145320E+04  0.146737E+04  0.200914E+04  0.690037E+03  0.505430E+04  0.533318E+04  0.133884E+04  0.335653E+03
    ORGC   365    24  1999     1     1  0.207447E+03  0.363112E+03  0.639558E+03  0.143865E+04  0.145636E+04  0.199687E+04  0.686716E+03  0.503198E+04  0.532000E+04  0.133765E+04  0.335636E+03
    ORGC   365    24  2000     1     1  0.150375E+03  0.389470E+03  0.645714E+03  0.142449E+04  0.144217E+04  0.198651E+04  0.683031E+03  0.501203E+04  0.530453E+04  0.133647E+04  0.335623E+03
    ORGC   365    24  2001     1     1  0.123255E+03  0.401908E+03  0.634529E+03  0.140990E+04  0.143112E+04  0.197515E+04  0.679585E+03  0.499090E+04  0.529109E+04  0.133527E+04  0.335615E+03
    ORGC   365    24  2002     1     1  0.110013E+03  0.406842E+03  0.631960E+03  0.139804E+04  0.141871E+04  0.196446E+04  0.678637E+03  0.497004E+04  0.527514E+04  0.133405E+04  0.335600E+03
    ORGC   365    24  2003     1     1  0.155226E+03  0.435661E+03  0.628956E+03  0.138728E+04  0.141160E+04  0.195760E+04  0.675798E+03  0.495361E+04  0.526545E+04  0.133292E+04  0.335590E+03
    ORGC   365    24  2004     1     1  0.949948E+02  0.446587E+03  0.631711E+03  0.137599E+04  0.139888E+04  0.194720E+04  0.674147E+03  0.493403E+04  0.524900E+04  0.133171E+04  0.335577E+03
    ORGC   365    24  2005     1     1  0.150705E+03  0.466612E+03  0.627198E+03  0.136440E+04  0.139098E+04  0.194043E+04  0.670993E+03  0.491791E+04  0.523932E+04  0.133052E+04  0.335559E+03
    ORGC   365    24  2006     1     1  0.134016E+03  0.504668E+03  0.648029E+03  0.135657E+04  0.137987E+04  0.193305E+04  0.669462E+03  0.490137E+04  0.522467E+04  0.132940E+04  0.335546E+03
    ORGC   365    24  2007     1     1  0.142444E+03  0.513412E+03  0.637643E+03  0.134432E+04  0.137137E+04  0.192510E+04  0.666095E+03  0.488409E+04  0.521381E+04  0.132815E+04  0.335530E+03
    ORGC   365    24  2008     1     1  0.147080E+03  0.448542E+03  0.773370E+03  0.133713E+04  0.136397E+04  0.191884E+04  0.663089E+03  0.486996E+04  0.520377E+04  0.132705E+04  0.335515E+03
    ORGC   365    24  2009     1     1  0.176929E+03  0.479946E+03  0.747820E+03  0.133993E+04  0.135798E+04  0.191406E+04  0.661404E+03  0.485750E+04  0.519306E+04  0.132607E+04  0.335501E+03
    ORGC   365    24  2010     1     1  0.145889E+03  0.423355E+03  0.843491E+03  0.132641E+04  0.134789E+04  0.190514E+04  0.658037E+03  0.483943E+04  0.518015E+04  0.132481E+04  0.335477E+03
    ORGC   365    24  2011     1     1  0.126485E+03  0.457176E+03  0.808849E+03  0.131858E+04  0.133754E+04  0.190165E+04  0.655783E+03  0.482557E+04  0.516777E+04  0.132370E+04  0.335456E+03
    ORGC   365    24  2012     1     1  0.115572E+03  0.428884E+03  0.904172E+03  0.131217E+04  0.133412E+04  0.189605E+04  0.656926E+03  0.481200E+04  0.516116E+04  0.132241E+04  0.335429E+03
    ORGC   365    24  2013     1     1  0.149539E+03  0.441777E+03  0.875650E+03  0.131162E+04  0.132724E+04  0.189263E+04  0.657027E+03  0.479815E+04  0.514962E+04  0.132141E+04  0.335405E+03
    ORGC   365    24  2014     1     1  0.137371E+03  0.424257E+03  0.966289E+03  0.130784E+04  0.132195E+04  0.188642E+04  0.654732E+03  0.478661E+04  0.514338E+04  0.132043E+04  0.335383E+03
    ORGC   365    24  2015     1     1  0.120898E+03  0.437091E+03  0.918853E+03  0.129909E+04  0.131184E+04  0.188034E+04  0.651178E+03  0.477330E+04  0.513120E+04  0.131942E+04  0.335360E+03
    ORGC   365    24  2016     1     1  0.157297E+03  0.443070E+03  0.888054E+03  0.128306E+04  0.130195E+04  0.186991E+04  0.647935E+03  0.475467E+04  0.511760E+04  0.131811E+04  0.335333E+03
    ORGC   365    24  2017     1     1  0.109470E+03  0.459451E+03  0.883097E+03  0.127268E+04  0.129069E+04  0.186106E+04  0.643704E+03  0.473650E+04  0.510120E+04  0.131685E+04  0.335308E+03
    ORGC   365    24  2018     1     1  0.111125E+03  0.425667E+03  0.965989E+03  0.126427E+04  0.128334E+04  0.185397E+04  0.642517E+03  0.472051E+04  0.509024E+04  0.131561E+04  0.335283E+03
    ORGC   365    24  2019     1     1  0.848931E+02  0.427498E+03  0.925179E+03  0.125191E+04  0.127242E+04  0.184556E+04  0.639000E+03  0.470477E+04  0.507609E+04  0.131439E+04  0.335253E+03
    ORGC   365    24  2020     1     1  0.105982E+03  0.417148E+03  0.100611E+04  0.124852E+04  0.126901E+04  0.184206E+04  0.639629E+03  0.469171E+04  0.506896E+04  0.131326E+04  0.335223E+03
    ORGC   365    24  2021     1     1  0.623518E+02  0.394267E+03  0.103915E+04  0.124583E+04  0.126124E+04  0.183688E+04  0.640299E+03  0.467597E+04  0.505527E+04  0.131215E+04  0.335194E+03
    ORGC   365    24  2022     1     1  0.169857E+03  0.406238E+03  0.996482E+03  0.123756E+04  0.125520E+04  0.183126E+04  0.637712E+03  0.466268E+04  0.504707E+04  0.131101E+04  0.335162E+03
