-0.033,-1.5,0.2,5.33,400,10,1,0,0,0,0,0,0,1,1,1,8,0,2,0
0.01,0.05,0.15,0.25,0.55,0.65,1.35,2.0
1.5499999523162842,1.5499999523162842,1.5499999523162842,1.5499999523162842,1.600000023841858,1.600000023841858,1.700000047683715,1.899999976158142
0.19399999618530273,0.19399999618530273,0.19399999618530273,0.19399999618530273,0.22200000762939454,0.22200000762939454,0.30200000762939455,0.21200000762939453
0.10199999809265137,0.10199999809265137,0.10199999809265137,0.10199999809265137,0.13600000381469726,0.13600000381469726,0.16799999237060548,0.11699999809265137
101.62799835205078,101.62799835205078,101.62799835205078,101.62799835205078,101.62799835205078,101.62799835205078,33.0120002746582,3.3120000600814805
101.62799835205078,101.62799835205078,101.62799835205078,101.62799835205078,101.62799835205078,101.62799835205078,33.0120002746582,3.3120000600814805
610.0,610.0,610.0,610.0,640.0,640.0,400.0,400.0
310.0,310.0,310.0,310.0,180.0,180.0,360.0,450.0
0.01,0.01,0.01,0.01,0.0,0.0,0.0,0.0
0,0,0,0,0,0,0,0
6.5,6.5,6.5,6.5,5.800000190734863,5.800000190734863,6.5,7.900000095367432
9.0,9.0,9.0,9.0,11.0,11.0,16.0,9.5
2.5,2.5,2.5,2.5,2.5,2.5,2.5,2.5
10.149999999999999,10.149999999999999,10.149999999999999,10.149999999999999,4.35,4.35,4.35,4.35
0,0,0,0,0,0,0,0
-1,-1,-1,-1,-1,-1,-1,-1
-1,-1,-1,-1,-1,-1,-1,-1
3,3,3,3,3,3,3,3
12,12,12,12,12,12,12,12
10,10,10,10,10,10,10,10
-1,-1,-1,-1,-1,-1,-1,-1
-1,-1,-1,-1,-1,-1,-1,-1
40,40,40,40,40,40,40,40
120,120,120,120,120,120,120,120
23,23,23,23,23,23,23,23
39,39,39,39,39,39,39,39
48,48,48,48,48,48,48,48
35,35,35,35,35,35,35,35
50,50,50,50,50,50,50,50
50,50,50,50,50,50,50,50
50,50,50,50,50,50,50,50
50,50,50,50,50,50,50,50
1000,1000,1000,1000,1000,1000,1000,1000
2000,2000,2000,2000,2000,2000,2000,2000
0,0,0,0,0,0,0,0
0,0,0,0,0,0,0,0
0.025,0.025,0.025,0.025,0.025,0.025,0.025,0.025
0.25,0.25,0.25,0.25,0.25,0.25,0.25,0.25
0.25,0.25,0.25,0.25,0.25,0.25,0.25,0.25
0.6,0.6,0.6,0.6,0.6,0.6,0.6,0.6
0.16,0.16,0.16,0.16,0.16,0.16,0.16,0.16
3,3,3,3,3,3,3,3
1,1,1,1,1,1,1,1
0,0,0,0,0,0,0,0
45,45,45,45,45,45,45,45
1.5,1.5,1.5,1.5,1.5,1.5,1.5,1.5
0.15,0.15,0.15,0.15,0.15,0.15,0.15,0.15
0,0,0,0,0,0,0,0
0,0,0,0,0,0,0,0
0,0,0,0,0,0,0,0
0,0,0,0,0,0,0,0
0,0,0,0,0,0,0,0
0,0,0,0,0,0,0,0
