    ORGC   365    24  1995     1     1  0.308772E+03  0.322153E+03  0.919021E+03  0.226750E+04  0.663045E+03  0.197394E+04  0.679934E+03  0.464923E+04  0.199977E+04  0.493598E+03  0.123566E+03
    ORGC   365    24  1996     1     1  0.128545E+03  0.359302E+03  0.907653E+03  0.223088E+04  0.651958E+03  0.195116E+04  0.672291E+03  0.461993E+04  0.198976E+04  0.493377E+03  0.123539E+03
    ORGC   365    24  1997     1     1  0.298968E+03  0.419711E+03  0.895208E+03  0.220039E+04  0.645026E+03  0.193502E+04  0.666262E+03  0.459849E+04  0.198620E+04  0.493179E+03  0.123531E+03
    ORGC   365    24  1998     1     1  0.993591E+02  0.435641E+03  0.887977E+03  0.216961E+04  0.636866E+03  0.191715E+04  0.660386E+03  0.457314E+04  0.197772E+04  0.492939E+03  0.123532E+03
    ORGC   365    24  1999     1     1  0.343162E+03  0.436040E+03  0.870298E+03  0.214363E+04  0.631781E+03  0.190385E+04  0.655930E+03  0.455329E+04  0.197444E+04  0.492694E+03  0.123533E+03
    ORGC   365    24  2000     1     1  0.144157E+03  0.477246E+03  0.861680E+03  0.211743E+04  0.625248E+03  0.188856E+04  0.650380E+03  0.452898E+04  0.196652E+04  0.492408E+03  0.123533E+03
    ORGC   365    24  2001     1     1  0.514524E+03  0.528336E+03  0.860205E+03  0.210090E+04  0.625935E+03  0.188138E+04  0.648888E+03  0.451394E+04  0.196763E+04  0.492179E+03  0.123536E+03
    ORGC   365    24  2002     1     1  0.176020E+03  0.569963E+03  0.862797E+03  0.207897E+04  0.618837E+03  0.186657E+04  0.643088E+03  0.449126E+04  0.195886E+04  0.491912E+03  0.123536E+03
    ORGC   365    24  2003     1     1  0.342816E+03  0.595974E+03  0.854042E+03  0.206037E+04  0.614935E+03  0.185641E+04  0.640355E+03  0.447400E+04  0.195609E+04  0.491667E+03  0.123536E+03
    ORGC   365    24  2004     1     1  0.158679E+03  0.606047E+03  0.848553E+03  0.203997E+04  0.610958E+03  0.184444E+04  0.638860E+03  0.445384E+04  0.194928E+04  0.491404E+03  0.123536E+03
    ORGC   365    24  2005     1     1  0.296659E+03  0.607240E+03  0.830757E+03  0.201328E+04  0.603989E+03  0.183172E+04  0.633478E+03  0.443441E+04  0.194518E+04  0.491131E+03  0.123536E+03
    ORGC   365    24  2006     1     1  0.130585E+03  0.642044E+03  0.828859E+03  0.199733E+04  0.601774E+03  0.182207E+04  0.629057E+03  0.441564E+04  0.193882E+04  0.490866E+03  0.123536E+03
    ORGC   365    24  2007     1     1  0.515711E+03  0.659778E+03  0.818510E+03  0.197842E+04  0.600417E+03  0.181440E+04  0.627926E+03  0.440006E+04  0.193971E+04  0.490621E+03  0.123538E+03
    ORGC   365    24  2008     1     1  0.321737E+03  0.726515E+03  0.814971E+03  0.195321E+04  0.592375E+03  0.179965E+04  0.622737E+03  0.437958E+04  0.193312E+04  0.490365E+03  0.123544E+03
    ORGC   365    24  2009     1     1  0.135897E+03  0.747816E+03  0.817897E+03  0.194047E+04  0.591078E+03  0.179083E+04  0.619148E+03  0.436320E+04  0.192748E+04  0.490136E+03  0.123545E+03
    ORGC   365    24  2010     1     1  0.467482E+03  0.760944E+03  0.805123E+03  0.191998E+04  0.587004E+03  0.178118E+04  0.616944E+03  0.434702E+04  0.192661E+04  0.489902E+03  0.123547E+03
    ORGC   365    24  2011     1     1  0.173764E+03  0.786636E+03  0.802489E+03  0.190006E+04  0.582085E+03  0.176935E+04  0.613482E+03  0.432898E+04  0.192073E+04  0.489661E+03  0.123548E+03
    ORGC   365    24  2012     1     1  0.360870E+03  0.868298E+03  0.810942E+03  0.189085E+04  0.587315E+03  0.176974E+04  0.616733E+03  0.432102E+04  0.192730E+04  0.489395E+03  0.123545E+03
    ORGC   365    24  2013     1     1  0.146419E+03  0.861563E+03  0.818220E+03  0.187405E+04  0.577913E+03  0.175396E+04  0.610579E+03  0.430251E+04  0.192142E+04  0.489152E+03  0.123539E+03
    ORGC   365    24  2014     1     1  0.431456E+03  0.848731E+03  0.805483E+03  0.185763E+04  0.574867E+03  0.174545E+04  0.607005E+03  0.428797E+04  0.191919E+04  0.488948E+03  0.123534E+03
    ORGC   365    24  2015     1     1  0.133612E+03  0.880630E+03  0.799118E+03  0.183791E+04  0.569603E+03  0.173381E+04  0.603159E+03  0.426875E+04  0.191171E+04  0.488731E+03  0.123533E+03
    ORGC   365    24  2016     1     1  0.542909E+03  0.887172E+03  0.789970E+03  0.182099E+04  0.568293E+03  0.172638E+04  0.601456E+03  0.425361E+04  0.191090E+04  0.488497E+03  0.123533E+03
    ORGC   365    24  2017     1     1  0.184574E+03  0.932206E+03  0.789210E+03  0.180143E+04  0.563151E+03  0.171396E+04  0.599120E+03  0.423329E+04  0.190292E+04  0.488255E+03  0.123534E+03
    ORGC   365    24  2018     1     1  0.496504E+03  0.100046E+04  0.793174E+03  0.178755E+04  0.563176E+03  0.170953E+04  0.597427E+03  0.422103E+04  0.190387E+04  0.488044E+03  0.123531E+03
    ORGC   365    24  2019     1     1  0.153566E+03  0.100376E+04  0.796298E+03  0.176982E+04  0.556918E+03  0.169693E+04  0.594491E+03  0.420271E+04  0.189650E+04  0.487844E+03  0.123533E+03
    ORGC   365    24  2020     1     1  0.317691E+03  0.993510E+03  0.776467E+03  0.174946E+04  0.551257E+03  0.168623E+04  0.589469E+03  0.418682E+04  0.189265E+04  0.487622E+03  0.123534E+03
    ORGC   365    24  2021     1     1  0.150581E+03  0.100018E+04  0.769814E+03  0.173300E+04  0.548449E+03  0.167658E+04  0.585801E+03  0.417041E+04  0.188936E+04  0.487387E+03  0.123531E+03
    ORGC   365    24  2022     1     1  0.559544E+03  0.984504E+03  0.763320E+03  0.172127E+04  0.547823E+03  0.167055E+04  0.584544E+03  0.415588E+04  0.188771E+04  0.487168E+03  0.123526E+03
