    ORGN   365    24  1995     1     1  0.115067E+02  0.234247E+02  0.709499E+02  0.177650E+03  0.650437E+02  0.197064E+03  0.670444E+02  0.468164E+03  0.235319E+03  0.616421E+02  0.154351E+02
    ORGN   365    24  1996     1     1  0.665649E+01  0.269410E+02  0.698687E+02  0.174293E+03  0.639745E+02  0.194642E+03  0.663263E+02  0.464995E+03  0.234330E+03  0.615964E+02  0.154289E+02
    ORGN   365    24  1997     1     1  0.123425E+02  0.295716E+02  0.687922E+02  0.171842E+03  0.632697E+02  0.192910E+03  0.657557E+02  0.462620E+03  0.233745E+03  0.615608E+02  0.154270E+02
    ORGN   365    24  1998     1     1  0.589474E+01  0.321181E+02  0.682103E+02  0.169429E+03  0.625454E+02  0.190926E+03  0.652536E+02  0.460112E+03  0.232951E+03  0.615231E+02  0.154267E+02
    ORGN   365    24  1999     1     1  0.109473E+02  0.316553E+02  0.668736E+02  0.167391E+03  0.620078E+02  0.189597E+03  0.647897E+02  0.457925E+03  0.232395E+03  0.614860E+02  0.154266E+02
    ORGN   365    24  2000     1     1  0.926790E+01  0.348911E+02  0.660703E+02  0.165284E+03  0.614083E+02  0.186980E+03  0.643139E+02  0.455542E+03  0.231636E+03  0.614455E+02  0.154266E+02
    ORGN   365    24  2001     1     1  0.186322E+02  0.371298E+02  0.658031E+02  0.163946E+03  0.612247E+02  0.186085E+03  0.640421E+02  0.453708E+03  0.231315E+03  0.614111E+02  0.154268E+02
    ORGN   365    24  2002     1     1  0.109908E+02  0.410549E+02  0.658840E+02  0.162181E+03  0.606678E+02  0.183120E+03  0.635659E+02  0.451555E+03  0.230572E+03  0.613732E+02  0.154268E+02
    ORGN   365    24  2003     1     1  0.136264E+02  0.418525E+02  0.650727E+02  0.160733E+03  0.602509E+02  0.182102E+03  0.632336E+02  0.449651E+03  0.230077E+03  0.613381E+02  0.154268E+02
    ORGN   365    24  2004     1     1  0.846194E+01  0.435464E+02  0.646867E+02  0.159160E+03  0.598646E+02  0.181049E+03  0.630661E+02  0.447628E+03  0.229413E+03  0.613017E+02  0.154268E+02
    ORGN   365    24  2005     1     1  0.846025E+01  0.431424E+02  0.633909E+02  0.157219E+03  0.592808E+02  0.179870E+03  0.625802E+02  0.445597E+03  0.228843E+03  0.612648E+02  0.154268E+02
    ORGN   365    24  2006     1     1  0.681048E+01  0.459087E+02  0.630477E+02  0.155779E+03  0.589273E+02  0.178945E+03  0.621697E+02  0.443685E+03  0.228196E+03  0.612289E+02  0.154267E+02
    ORGN   365    24  2007     1     1  0.154661E+02  0.463205E+02  0.623715E+02  0.154426E+03  0.587036E+02  0.178124E+03  0.619345E+02  0.441867E+03  0.227865E+03  0.611951E+02  0.154270E+02
    ORGN   365    24  2008     1     1  0.110265E+02  0.504418E+02  0.621195E+02  0.152599E+03  0.580722E+02  0.176903E+03  0.615020E+02  0.439860E+03  0.227244E+03  0.611598E+02  0.154277E+02
    ORGN   365    24  2009     1     1  0.693045E+01  0.525353E+02  0.620181E+02  0.151377E+03  0.577742E+02  0.176041E+03  0.611539E+02  0.438158E+03  0.226655E+03  0.611280E+02  0.154278E+02
    ORGN   365    24  2010     1     1  0.160242E+02  0.527142E+02  0.611438E+02  0.149915E+03  0.574302E+02  0.175121E+03  0.608779E+02  0.436380E+03  0.226265E+03  0.610961E+02  0.154280E+02
    ORGN   365    24  2011     1     1  0.114365E+02  0.558198E+02  0.609742E+02  0.148365E+03  0.569534E+02  0.174058E+03  0.605584E+02  0.434610E+03  0.225721E+03  0.610633E+02  0.154282E+02
    ORGN   365    24  2012     1     1  0.226416E+02  0.607686E+02  0.611706E+02  0.147408E+03  0.569759E+02  0.173620E+03  0.604871E+02  0.433183E+03  0.225563E+03  0.610280E+02  0.154277E+02
    ORGN   365    24  2013     1     1  0.116214E+02  0.616296E+02  0.619155E+02  0.146176E+03  0.564242E+02  0.172701E+03  0.601850E+02  0.431714E+03  0.225182E+03  0.609953E+02  0.154270E+02
    ORGN   365    24  2014     1     1  0.167683E+02  0.600229E+02  0.608448E+02  0.144941E+03  0.560708E+02  0.171859E+03  0.598071E+02  0.430165E+03  0.224896E+03  0.609664E+02  0.154263E+02
    ORGN   365    24  2015     1     1  0.716871E+01  0.624765E+02  0.602970E+02  0.143423E+03  0.555930E+02  0.170867E+03  0.594868E+02  0.428310E+03  0.224287E+03  0.609364E+02  0.154263E+02
    ORGN   365    24  2016     1     1  0.177707E+02  0.621678E+02  0.595326E+02  0.142115E+03  0.553264E+02  0.170021E+03  0.591850E+02  0.426563E+03  0.223907E+03  0.609043E+02  0.154262E+02
    ORGN   365    24  2017     1     1  0.924150E+01  0.654813E+02  0.593644E+02  0.140553E+03  0.548512E+02  0.168916E+03  0.589532E+02  0.424620E+03  0.223200E+03  0.608717E+02  0.154263E+02
    ORGN   365    24  2018     1     1  0.177288E+02  0.680977E+02  0.593884E+02  0.139490E+03  0.546937E+02  0.168279E+03  0.586810E+02  0.423093E+03  0.222893E+03  0.608421E+02  0.154259E+02
    ORGN   365    24  2019     1     1  0.827092E+01  0.702370E+02  0.597285E+02  0.138128E+03  0.542004E+02  0.167234E+03  0.584339E+02  0.421374E+03  0.222271E+03  0.608143E+02  0.154262E+02
    ORGN   365    24  2020     1     1  0.101890E+02  0.687719E+02  0.582425E+02  0.136608E+03  0.537148E+02  0.166218E+03  0.579705E+02  0.419680E+03  0.221750E+03  0.607844E+02  0.154262E+02
    ORGN   365    24  2021     1     1  0.946051E+01  0.703394E+02  0.577642E+02  0.135259E+03  0.533528E+02  0.165234E+03  0.568730E+02  0.418007E+03  0.221324E+03  0.607534E+02  0.154258E+02
    ORGN   365    24  2022     1     1  0.190675E+02  0.689097E+02  0.571279E+02  0.134232E+03  0.531459E+02  0.164510E+03  0.566947E+02  0.416383E+03  0.220893E+03  0.607234E+02  0.154252E+02
