-0.033,-1.5,0.2,5.33,400,10,1,0,0,0,0,0,0,1,1,1,8,0,2,0
0.01,0.05,0.15,0.25,0.55,0.65,1.35,2.0
1.360000014305114,1.360000014305114,1.360000014305114,1.27999997138977,1.27999997138977,1.27999997138977,1.27999997138977,1.309999942779541
0.33799999237060546,0.33799999237060546,0.33799999237060546,0.28100000381469725,0.28100000381469725,0.28100000381469725,0.28100000381469725,0.285
0.215,0.215,0.215,0.14300000190734863,0.14300000190734863,0.14300000190734863,0.14300000190734863,0.135
10.799999999999999,10.799999999999999,10.799999999999999,10.799999999999999,10.799999999999999,10.799999999999999,10.799999999999999,10.799999999999999
10.799999999999999,10.799999999999999,10.799999999999999,10.799999999999999,10.799999999999999,10.799999999999999,10.799999999999999,10.799999999999999
30.0,30.0,30.0,40.0,40.0,40.0,40.0,40.0
640.0,640.0,640.0,630.0,630.0,630.0,630.0,660.0
0.01,0.01,0.01,0.01,0.0,0.0,0.0,0.0
0,0,0,0,0,0,0,0
6.0,6.0,6.0,6.599999904632568,6.599999904632568,6.599999904632568,6.599999904632568,6.800000190734863
27.200000762939453,27.200000762939453,27.200000762939453,25.100000381469727,25.100000381469727,25.100000381469727,25.100000381469727,23.200000762939453
2.5,2.5,2.5,2.5,2.5,2.5,2.5,2.5
17.4,17.4,17.4,5.219999861717223,5.219999861717223,5.219999861717223,5.219999861717223,2.320000034570691
0,0,0,0,0,0,0,0
-1,-1,-1,-1,-1,-1,-1,-1
-1,-1,-1,-1,-1,-1,-1,-1
3,3,3,3,3,3,3,3
12,12,12,12,12,12,12,12
10,10,10,10,10,10,10,10
-1,-1,-1,-1,-1,-1,-1,-1
-1,-1,-1,-1,-1,-1,-1,-1
40,40,40,40,40,40,40,40
120,120,120,120,120,120,120,120
23,23,23,23,23,23,23,23
39,39,39,39,39,39,39,39
48,48,48,48,48,48,48,48
35,35,35,35,35,35,35,35
50,50,50,50,50,50,50,50
50,50,50,50,50,50,50,50
50,50,50,50,50,50,50,50
50,50,50,50,50,50,50,50
1000,1000,1000,1000,1000,1000,1000,1000
2000,2000,2000,2000,2000,2000,2000,2000
0,0,0,0,0,0,0,0
0,0,0,0,0,0,0,0
0.025,0.025,0.025,0.025,0.025,0.025,0.025,0.025
0.25,0.25,0.25,0.25,0.25,0.25,0.25,0.25
0.25,0.25,0.25,0.25,0.25,0.25,0.25,0.25
0.6,0.6,0.6,0.6,0.6,0.6,0.6,0.6
0.16,0.16,0.16,0.16,0.16,0.16,0.16,0.16
3,3,3,3,3,3,3,3
1,1,1,1,1,1,1,1
0,0,0,0,0,0,0,0
45,45,45,45,45,45,45,45
1.5,1.5,1.5,1.5,1.5,1.5,1.5,1.5
0.15,0.15,0.15,0.15,0.15,0.15,0.15,0.15
0,0,0,0,0,0,0,0
0,0,0,0,0,0,0,0
0,0,0,0,0,0,0,0
0,0,0,0,0,0,0,0
0,0,0,0,0,0,0,0
0,0,0,0,0,0,0,0
