    ORGC   365    24  1995     1     1  0.117508E+03  0.246908E+03  0.674036E+03  0.166238E+04  0.169370E+04  0.156295E+04  0.540230E+03  0.563081E+03  0.525067E+03  0.122561E+03  0.307406E+02
    ORGC   365    24  1996     1     1  0.230227E+03  0.310848E+03  0.694085E+03  0.165945E+04  0.169048E+04  0.155826E+04  0.539914E+03  0.564029E+03  0.521700E+03  0.122576E+03  0.307345E+02
    ORGC   365    24  1997     1     1  0.118729E+03  0.307508E+03  0.667809E+03  0.161857E+04  0.165990E+04  0.154139E+04  0.531654E+03  0.560146E+03  0.520188E+03  0.122597E+03  0.307337E+02
    ORGC   365    24  1998     1     1  0.174699E+03  0.351954E+03  0.679668E+03  0.161052E+04  0.165303E+04  0.153475E+04  0.531007E+03  0.557540E+03  0.519394E+03  0.122621E+03  0.307373E+02
    ORGC   365    24  1999     1     1  0.200397E+03  0.355133E+03  0.656857E+03  0.157925E+04  0.162905E+04  0.152266E+04  0.525319E+03  0.556382E+03  0.519792E+03  0.122648E+03  0.307407E+02
    ORGC   365    24  2000     1     1  0.251257E+03  0.471309E+03  0.696181E+03  0.158916E+04  0.163120E+04  0.151813E+04  0.527482E+03  0.557172E+03  0.521283E+03  0.122675E+03  0.307455E+02
    ORGC   365    24  2001     1     1  0.101129E+03  0.434582E+03  0.664441E+03  0.154890E+04  0.160278E+04  0.150544E+04  0.520180E+03  0.555194E+03  0.517923E+03  0.122704E+03  0.307507E+02
    ORGC   365    24  2002     1     1  0.260528E+03  0.501605E+03  0.691194E+03  0.156137E+04  0.160631E+04  0.150321E+04  0.522275E+03  0.555886E+03  0.521093E+03  0.122723E+03  0.307554E+02
    ORGC   365    24  2003     1     1  0.151756E+03  0.501914E+03  0.663607E+03  0.152115E+04  0.157901E+04  0.149211E+04  0.516046E+03  0.554797E+03  0.520129E+03  0.122752E+03  0.307602E+02
    ORGC   365    24  2004     1     1  0.213864E+03  0.544134E+03  0.678304E+03  0.152211E+04  0.157481E+04  0.149085E+04  0.518088E+03  0.553906E+03  0.519198E+03  0.122778E+03  0.307680E+02
    ORGC   365    24  2005     1     1  0.109603E+03  0.532111E+03  0.652039E+03  0.148414E+04  0.154818E+04  0.147526E+04  0.510489E+03  0.552495E+03  0.516379E+03  0.122789E+03  0.307724E+02
    ORGC   365    24  2006     1     1  0.249721E+03  0.617046E+03  0.687101E+03  0.149655E+04  0.155672E+04  0.147452E+04  0.513454E+03  0.553290E+03  0.519267E+03  0.122797E+03  0.307776E+02
    ORGC   365    24  2007     1     1  0.140411E+03  0.583811E+03  0.652637E+03  0.145682E+04  0.152483E+04  0.146047E+04  0.505747E+03  0.551844E+03  0.516801E+03  0.122805E+03  0.307804E+02
    ORGC   365    24  2008     1     1  0.769794E+02  0.582149E+03  0.635312E+03  0.143522E+04  0.150821E+04  0.145127E+04  0.502110E+03  0.550294E+03  0.514627E+03  0.122820E+03  0.307885E+02
    ORGC   365    24  2009     1     1  0.329682E+03  0.655322E+03  0.680254E+03  0.145388E+04  0.151407E+04  0.145128E+04  0.505316E+03  0.552422E+03  0.517264E+03  0.122832E+03  0.307958E+02
    ORGC   365    24  2010     1     1  0.143870E+03  0.637577E+03  0.638355E+03  0.140993E+04  0.148548E+04  0.143888E+04  0.498372E+03  0.551141E+03  0.516443E+03  0.122842E+03  0.308029E+02
    ORGC   365    24  2011     1     1  0.238392E+03  0.699704E+03  0.667800E+03  0.141994E+04  0.148628E+04  0.143669E+04  0.498050E+03  0.552282E+03  0.519441E+03  0.122848E+03  0.308084E+02
    ORGC   365    24  2012     1     1  0.605326E+02  0.341219E+03  0.694095E+03  0.166452E+04  0.168322E+04  0.143306E+04  0.496668E+03  0.552903E+03  0.521784E+03  0.122849E+03  0.308085E+02
    ORGC   365    24  2013     1     1  0.226308E+03  0.380261E+03  0.691121E+03  0.160916E+04  0.162724E+04  0.143770E+04  0.497799E+03  0.553060E+03  0.520008E+03  0.122866E+03  0.308117E+02
    ORGC   365    24  2014     1     1  0.236276E+03  0.397043E+03  0.671118E+03  0.156573E+04  0.158540E+04  0.142401E+04  0.492698E+03  0.552596E+03  0.521115E+03  0.122875E+03  0.308136E+02
    ORGC   365    24  2015     1     1  0.273050E+03  0.499684E+03  0.705754E+03  0.156701E+04  0.157694E+04  0.141993E+04  0.491070E+03  0.553575E+03  0.519467E+03  0.122887E+03  0.308186E+02
    ORGC   365    24  2016     1     1  0.417412E+02  0.260358E+03  0.684465E+03  0.166385E+04  0.166779E+04  0.140757E+04  0.486206E+03  0.551224E+03  0.517247E+03  0.122891E+03  0.308243E+02
    ORGC   365    24  2017     1     1  0.189376E+03  0.316830E+03  0.697127E+03  0.163480E+04  0.163460E+04  0.141279E+04  0.492718E+03  0.553095E+03  0.518925E+03  0.122888E+03  0.308278E+02
    ORGC   365    24  2018     1     1  0.188780E+03  0.331544E+03  0.789200E+03  0.159662E+04  0.159275E+04  0.140004E+04  0.485392E+03  0.553042E+03  0.521553E+03  0.122883E+03  0.308277E+02
    ORGC   365    24  2019     1     1  0.200307E+03  0.355891E+03  0.740692E+03  0.157791E+04  0.157046E+04  0.139345E+04  0.483255E+03  0.553451E+03  0.521970E+03  0.122895E+03  0.308317E+02
    ORGC   365    24  2020     1     1  0.771496E+02  0.317835E+03  0.776838E+03  0.153921E+04  0.153554E+04  0.138182E+04  0.478430E+03  0.551246E+03  0.518477E+03  0.122905E+03  0.308366E+02
    ORGC   365    24  2021     1     1  0.217635E+03  0.400347E+03  0.783625E+03  0.154106E+04  0.152994E+04  0.138024E+04  0.482070E+03  0.553433E+03  0.518334E+03  0.122908E+03  0.308432E+02
    ORGC   365    24  2022     1     1  0.131711E+03  0.390280E+03  0.745883E+03  0.149664E+04  0.149247E+04  0.136879E+04  0.475091E+03  0.551448E+03  0.517073E+03  0.122910E+03  0.308494E+02
