    ORGN   365    24  1995     1     1  0.581891E+01  0.186389E+02  0.538929E+02  0.135097E+03  0.138510E+03  0.162088E+03  0.551054E+02  0.668681E+02  0.622303E+02  0.152932E+02  0.383644E+01
    ORGN   365    24  1996     1     1  0.164954E+02  0.235319E+02  0.545283E+02  0.133797E+03  0.137527E+03  0.161106E+03  0.548733E+02  0.668716E+02  0.619772E+02  0.152884E+02  0.383452E+01
    ORGN   365    24  1997     1     1  0.622690E+01  0.231267E+02  0.531137E+02  0.131082E+03  0.135507E+03  0.159775E+03  0.543360E+02  0.665930E+02  0.618327E+02  0.152869E+02  0.383408E+01
    ORGN   365    24  1998     1     1  0.914956E+01  0.258935E+02  0.535804E+02  0.130212E+03  0.134822E+03  0.159048E+03  0.541803E+02  0.664476E+02  0.618453E+02  0.152868E+02  0.383437E+01
    ORGN   365    24  1999     1     1  0.824283E+01  0.258410E+02  0.519402E+02  0.127801E+03  0.132949E+03  0.157836E+03  0.537085E+02  0.662946E+02  0.617673E+02  0.152872E+02  0.383471E+01
    ORGN   365    24  2000     1     1  0.148437E+02  0.332538E+02  0.538345E+02  0.127745E+03  0.132608E+03  0.157144E+03  0.536571E+02  0.662780E+02  0.618396E+02  0.152876E+02  0.383526E+01
    ORGN   365    24  2001     1     1  0.529284E+01  0.315232E+02  0.521791E+02  0.125201E+03  0.130712E+03  0.156039E+03  0.531891E+02  0.661501E+02  0.616481E+02  0.152882E+02  0.383585E+01
    ORGN   365    24  2002     1     1  0.169655E+02  0.355572E+02  0.527654E+02  0.124929E+03  0.130277E+03  0.155447E+03  0.531151E+02  0.661224E+02  0.617662E+02  0.152883E+02  0.383640E+01
    ORGN   365    24  2003     1     1  0.811952E+01  0.358779E+02  0.518193E+02  0.122777E+03  0.128672E+03  0.154519E+03  0.527081E+02  0.660352E+02  0.616897E+02  0.152890E+02  0.383694E+01
    ORGN   365    24  2004     1     1  0.137020E+02  0.386004E+02  0.519924E+02  0.121944E+03  0.127853E+03  0.153973E+03  0.526787E+02  0.659577E+02  0.616095E+02  0.152894E+02  0.383784E+01
    ORGN   365    24  2005     1     1  0.603393E+01  0.378761E+02  0.505893E+02  0.119653E+03  0.126118E+03  0.152793E+03  0.521267E+02  0.658548E+02  0.614519E+02  0.152887E+02  0.383833E+01
    ORGN   365    24  2006     1     1  0.208866E+02  0.446581E+02  0.524506E+02  0.119843E+03  0.126180E+03  0.152371E+03  0.521437E+02  0.658553E+02  0.617220E+02  0.152881E+02  0.383891E+01
    ORGN   365    24  2007     1     1  0.742189E+01  0.417636E+02  0.506302E+02  0.117400E+03  0.124193E+03  0.151210E+03  0.516196E+02  0.657585E+02  0.615192E+02  0.152875E+02  0.383923E+01
    ORGN   365    24  2008     1     1  0.335519E+01  0.410701E+02  0.491066E+02  0.115627E+03  0.122806E+03  0.150272E+03  0.512576E+02  0.656534E+02  0.613555E+02  0.152877E+02  0.384012E+01
    ORGN   365    24  2009     1     1  0.208591E+02  0.451887E+02  0.506207E+02  0.115781E+03  0.122544E+03  0.149859E+03  0.512508E+02  0.656959E+02  0.614133E+02  0.152876E+02  0.384093E+01
    ORGN   365    24  2010     1     1  0.759753E+01  0.450986E+02  0.494217E+02  0.113637E+03  0.120956E+03  0.148881E+03  0.508326E+02  0.656245E+02  0.613544E+02  0.152871E+02  0.384171E+01
    ORGN   365    24  2011     1     1  0.232081E+02  0.507506E+02  0.509972E+02  0.113847E+03  0.120745E+03  0.148403E+03  0.507182E+02  0.656395E+02  0.616929E+02  0.152864E+02  0.384230E+01
    ORGN   365    24  2012     1     1  0.540719E+01  0.256985E+02  0.545898E+02  0.132480E+03  0.134400E+03  0.147912E+03  0.504820E+02  0.656253E+02  0.616411E+02  0.152851E+02  0.384230E+01
    ORGN   365    24  2013     1     1  0.217473E+02  0.290530E+02  0.533876E+02  0.127236E+03  0.129091E+03  0.147897E+03  0.504737E+02  0.656850E+02  0.615205E+02  0.152852E+02  0.384265E+01
    ORGN   365    24  2014     1     1  0.123860E+02  0.292887E+02  0.526006E+02  0.123930E+03  0.125874E+03  0.146974E+03  0.501102E+02  0.656123E+02  0.615005E+02  0.152847E+02  0.384286E+01
    ORGN   365    24  2015     1     1  0.185635E+02  0.359671E+02  0.543191E+02  0.123179E+03  0.124619E+03  0.146301E+03  0.499061E+02  0.656510E+02  0.613923E+02  0.152842E+02  0.384339E+01
    ORGN   365    24  2016     1     1  0.210131E+01  0.195008E+02  0.532330E+02  0.129971E+03  0.130451E+03  0.145218E+03  0.494867E+02  0.654985E+02  0.612451E+02  0.152832E+02  0.384400E+01
    ORGN   365    24  2017     1     1  0.126968E+02  0.232440E+02  0.534921E+02  0.127545E+03  0.127792E+03  0.145044E+03  0.496766E+02  0.655644E+02  0.613371E+02  0.152819E+02  0.384437E+01
    ORGN   365    24  2018     1     1  0.926095E+01  0.234953E+02  0.589371E+02  0.125021E+03  0.125002E+03  0.144156E+03  0.492802E+02  0.655110E+02  0.613723E+02  0.152802E+02  0.384435E+01
    ORGN   365    24  2019     1     1  0.103950E+02  0.262227E+02  0.573386E+02  0.124211E+03  0.123837E+03  0.143853E+03  0.493667E+02  0.613389E+02  0.617778E+02  0.152799E+02  0.384477E+01
    ORGN   365    24  2020     1     1  0.343933E+01  0.229104E+02  0.585955E+02  0.120916E+03  0.120877E+03  0.142462E+03  0.487005E+02  0.612678E+02  0.614164E+02  0.152805E+02  0.384530E+01
    ORGN   365    24  2021     1     1  0.153054E+02  0.287859E+02  0.590765E+02  0.120509E+03  0.120019E+03  0.141972E+03  0.487096E+02  0.614140E+02  0.613191E+02  0.152803E+02  0.384601E+01
    ORGN   365    24  2022     1     1  0.685768E+01  0.281102E+02  0.570082E+02  0.117785E+03  0.117681E+03  0.140983E+03  0.482734E+02  0.613594E+02  0.611796E+02  0.152796E+02  0.384666E+01
