-0.033,-1.5,0.2,5.33,400,10,1,0,0,0,0,0,0,1,1,1,8,0,2,0
0.01,0.05,0.15,0.25,0.55,0.65,1.35,2.0
1.200000047683715,1.200000047683715,1.200000047683715,1.200000047683715,1.200000047683715,1.200000047683715,1.299999952316284,1.299999952316284
0.25799999237060545,0.25799999237060545,0.25799999237060545,0.25799999237060545,0.23899999618530274,0.23899999618530274,0.22600000381469726,0.22600000381469726
0.1,0.1,0.1,0.1,0.08,0.08,0.06900000095367431,0.06900000095367431
33.0120002746582,33.0120002746582,33.0120002746582,33.0120002746582,33.0120002746582,33.0120002746582,33.0120002746582,33.0120002746582
33.0120002746582,33.0120002746582,33.0120002746582,33.0120002746582,33.0120002746582,33.0120002746582,33.0120002746582,33.0120002746582
50.0,50.0,50.0,50.0,50.0,50.0,50.0,50.0
800.0,800.0,800.0,800.0,800.0,800.0,820.0,820.0
0.01,0.01,0.01,0.01,0.0,0.0,0.0,0.0
0,0,0,0,0,0,0,0
7.199999809265137,7.199999809265137,7.199999809265137,7.199999809265137,7.199999809265137,7.199999809265137,7.900000095367432,7.900000095367432
13.300000190734863,13.300000190734863,13.300000190734863,13.300000190734863,12.699999809265137,12.699999809265137,10.300000190734863,10.300000190734863
2.5,2.5,2.5,2.5,2.5,2.5,2.5,2.5
14.499999999999998,14.499999999999998,14.499999999999998,14.499999999999998,4.35,4.35,0.5800000086426728,0.5800000086426728
0,0,0,0,0,0,0,0
-1,-1,-1,-1,-1,-1,-1,-1
-1,-1,-1,-1,-1,-1,-1,-1
3,3,3,3,3,3,3,3
12,12,12,12,12,12,12,12
10,10,10,10,10,10,10,10
-1,-1,-1,-1,-1,-1,-1,-1
-1,-1,-1,-1,-1,-1,-1,-1
40,40,40,40,40,40,40,40
120,120,120,120,120,120,120,120
23,23,23,23,23,23,23,23
39,39,39,39,39,39,39,39
48,48,48,48,48,48,48,48
35,35,35,35,35,35,35,35
50,50,50,50,50,50,50,50
50,50,50,50,50,50,50,50
50,50,50,50,50,50,50,50
50,50,50,50,50,50,50,50
1000,1000,1000,1000,1000,1000,1000,1000
2000,2000,2000,2000,2000,2000,2000,2000
0,0,0,0,0,0,0,0
0,0,0,0,0,0,0,0
0.025,0.025,0.025,0.025,0.025,0.025,0.025,0.025
0.25,0.25,0.25,0.25,0.25,0.25,0.25,0.25
0.25,0.25,0.25,0.25,0.25,0.25,0.25,0.25
0.6,0.6,0.6,0.6,0.6,0.6,0.6,0.6
0.16,0.16,0.16,0.16,0.16,0.16,0.16,0.16
3,3,3,3,3,3,3,3
1,1,1,1,1,1,1,1
0,0,0,0,0,0,0,0
45,45,45,45,45,45,45,45
1.5,1.5,1.5,1.5,1.5,1.5,1.5,1.5
0.15,0.15,0.15,0.15,0.15,0.15,0.15,0.15
0,0,0,0,0,0,0,0
0,0,0,0,0,0,0,0
0,0,0,0,0,0,0,0
0,0,0,0,0,0,0,0
0,0,0,0,0,0,0,0
0,0,0,0,0,0,0,0
