3 1 0 0 0 0 2 0 0 2 2.0
45.0 9.5 0.0 12.5 500.0 0.0 0.167 0.0 405.0 0.033 0.0 0.75 
0.150 0.075 0.150 0.075 
0.015 0.009 -0.5 -1.0 -1.0 15.0 0.10 
7.5 3.0 -1 0.25 
0.00375 0.125 0.15
0.00 0.00 0.50 0.50 0.95 90.0 90.0 
100.0 1.0 0.020 0.020 0.40E-04 0.0
2.0E-04 1.0E-04 0.10 0.10 1.0E+04 4.0E+08 2.5E-02 250.0 250.0
2.5E-02 0.40 0.0125
2.5E-02 0.35 0.030
2.5E-02 0.075 0.002
-1.25 -5.0 2.0E+03 
7.2E-01 7.6E-01 8.0E-01 8.8E-01 7.6E-01 7.6E-01 8.8E-01 7.6E-01 6.0E-01 
10.0E-02 2.5E-02 1.0E-02 4.0E-02 2.5E-02 2.5E-02 5.5E-02 2.5E-02 10.0E-02 
10.0E-03 2.5E-03 1.0E-03 4.0E-03 2.5E-03 2.5E-03 5.5E-03 2.5E-03 10.0E-03 
