    ORGN   365    24  1995     1     1  0.214839E+02  0.338886E+02  0.103031E+03  0.254699E+03  0.258275E+03  0.648518E+03  0.935447E+02  0.203642E+03  0.189555E+03  0.470877E+02  0.117909E+02
    ORGN   365    24  1996     1     1  0.250008E+02  0.436700E+02  0.104574E+03  0.251161E+03  0.255542E+03  0.644489E+03  0.930589E+02  0.203243E+03  0.189396E+03  0.470720E+02  0.117854E+02
    ORGN   365    24  1997     1     1  0.241902E+02  0.491818E+02  0.103768E+03  0.247330E+03  0.252448E+03  0.640178E+03  0.924510E+02  0.202729E+03  0.188731E+03  0.470665E+02  0.117846E+02
    ORGN   365    24  1998     1     1  0.272591E+02  0.532985E+02  0.102871E+03  0.244231E+03  0.250433E+03  0.636923E+03  0.921375E+02  0.202424E+03  0.188678E+03  0.470611E+02  0.117846E+02
    ORGN   365    24  1999     1     1  0.297916E+02  0.545807E+02  0.102089E+03  0.240840E+03  0.247731E+03  0.632865E+03  0.915939E+02  0.201972E+03  0.188065E+03  0.470560E+02  0.117857E+02
    ORGN   365    24  2000     1     1  0.335926E+02  0.598557E+02  0.101556E+03  0.238535E+03  0.246114E+03  0.629871E+03  0.913816E+02  0.201761E+03  0.188122E+03  0.470485E+02  0.117858E+02
    ORGN   365    24  2001     1     1  0.310061E+02  0.661347E+02  0.102602E+03  0.236362E+03  0.244218E+03  0.626763E+03  0.910056E+02  0.201399E+03  0.187951E+03  0.470424E+02  0.117859E+02
    ORGN   365    24  2002     1     1  0.370921E+02  0.669314E+02  0.102053E+03  0.234595E+03  0.242913E+03  0.624306E+03  0.908025E+02  0.201257E+03  0.187888E+03  0.470364E+02  0.117861E+02
    ORGN   365    24  2003     1     1  0.353210E+02  0.717138E+02  0.101659E+03  0.231867E+03  0.240710E+03  0.620960E+03  0.903539E+02  0.200937E+03  0.187316E+03  0.470301E+02  0.117864E+02
    ORGN   365    24  2004     1     1  0.371313E+02  0.758477E+02  0.101521E+03  0.230003E+03  0.239342E+03  0.618257E+03  0.901685E+02  0.200800E+03  0.187446E+03  0.470237E+02  0.117875E+02
    ORGN   365    24  2005     1     1  0.300952E+02  0.788268E+02  0.101088E+03  0.227134E+03  0.236887E+03  0.614528E+03  0.896267E+02  0.200264E+03  0.187114E+03  0.470184E+02  0.117892E+02
    ORGN   365    24  2006     1     1  0.384160E+02  0.780240E+02  0.995379E+02  0.225138E+03  0.235570E+03  0.611936E+03  0.894968E+02  0.200156E+03  0.187050E+03  0.470111E+02  0.117902E+02
    ORGN   365    24  2007     1     1  0.368914E+02  0.825320E+02  0.985519E+02  0.221901E+03  0.233111E+03  0.608165E+03  0.889441E+02  0.199666E+03  0.186630E+03  0.470040E+02  0.117916E+02
    ORGN   365    24  2008     1     1  0.252206E+02  0.740369E+02  0.120987E+03  0.220021E+03  0.231251E+03  0.604982E+03  0.885147E+02  0.199416E+03  0.186107E+03  0.469953E+02  0.117931E+02
    ORGN   365    24  2009     1     1  0.291754E+02  0.690628E+02  0.135599E+03  0.220600E+03  0.230813E+03  0.603433E+03  0.885977E+02  0.199453E+03  0.186346E+03  0.469871E+02  0.117935E+02
    ORGN   365    24  2010     1     1  0.218552E+02  0.650820E+02  0.141966E+03  0.221492E+03  0.229679E+03  0.601032E+03  0.883650E+02  0.199236E+03  0.186354E+03  0.469810E+02  0.117943E+02
    ORGN   365    24  2011     1     1  0.198327E+02  0.582123E+02  0.147453E+03  0.220891E+03  0.228326E+03  0.598364E+03  0.880159E+02  0.198943E+03  0.186129E+03  0.469751E+02  0.117956E+02
    ORGN   365    24  2012     1     1           NaN           NaN           NaN           NaN           NaN           NaN           NaN           NaN           NaN           NaN           NaN
    ORGN   365    24  2013     1     1           NaN           NaN           NaN           NaN           NaN           NaN           NaN           NaN           NaN           NaN           NaN
    ORGN   365    24  2014     1     1           NaN           NaN           NaN           NaN           NaN           NaN           NaN           NaN           NaN           NaN           NaN
    ORGN   365    24  2015     1     1           NaN           NaN           NaN           NaN           NaN           NaN           NaN           NaN           NaN           NaN           NaN
    ORGN   365    24  2016     1     1           NaN           NaN           NaN           NaN           NaN           NaN           NaN           NaN           NaN           NaN           NaN
    ORGN   365    24  2017     1     1           NaN           NaN           NaN           NaN           NaN           NaN           NaN           NaN           NaN           NaN           NaN
    ORGN   365    24  2018     1     1           NaN           NaN           NaN           NaN           NaN           NaN           NaN           NaN           NaN           NaN           NaN
    ORGN   365    24  2019     1     1           NaN           NaN           NaN           NaN           NaN           NaN           NaN           NaN           NaN           NaN           NaN
    ORGN   365    24  2020     1     1           NaN           NaN           NaN           NaN           NaN           NaN           NaN           NaN           NaN           NaN           NaN
    ORGN   365    24  2021     1     1           NaN           NaN           NaN           NaN           NaN           NaN           NaN           NaN           NaN           NaN           NaN
    ORGN   365    24  2022     1     1           NaN           NaN           NaN           NaN           NaN           NaN           NaN           NaN           NaN           NaN           NaN
