    ORGC   365    24  1995     1     1  0.639078E+03  0.538957E+03  0.151939E+04  0.371330E+04  0.374745E+04  0.864714E+04  0.100367E+04  0.166122E+04  0.154878E+04  0.377048E+03  0.943904E+02
    ORGC   365    24  1996     1     1  0.646614E+03  0.695649E+03  0.154686E+04  0.367193E+04  0.371544E+04  0.860157E+04  0.997895E+03  0.165903E+04  0.154937E+04  0.377078E+03  0.943688E+02
    ORGC   365    24  1997     1     1  0.175891E+03  0.686430E+03  0.151356E+04  0.361013E+04  0.366743E+04  0.854270E+04  0.988551E+03  0.165182E+04  0.153925E+04  0.377138E+03  0.943698E+02
    ORGC   365    24  1998     1     1  0.580066E+03  0.804510E+03  0.151248E+04  0.357395E+04  0.364398E+04  0.850591E+04  0.986792E+03  0.165135E+04  0.154213E+04  0.377171E+03  0.943734E+02
    ORGC   365    24  1999     1     1  0.222871E+03  0.782797E+03  0.149493E+04  0.352175E+04  0.360249E+04  0.844954E+04  0.978925E+03  0.164519E+04  0.153332E+04  0.377193E+03  0.943834E+02
    ORGC   365    24  2000     1     1  0.668982E+03  0.890718E+03  0.149719E+04  0.349714E+04  0.358613E+04  0.841725E+04  0.979742E+03  0.164703E+04  0.153931E+04  0.377188E+03  0.943851E+02
    ORGC   365    24  2001     1     1  0.234866E+03  0.922240E+03  0.150049E+04  0.346102E+04  0.355575E+04  0.837396E+04  0.973340E+03  0.164319E+04  0.153347E+04  0.377200E+03  0.943866E+02
    ORGC   365    24  2002     1     1  0.803142E+03  0.974334E+03  0.149830E+04  0.344092E+04  0.354143E+04  0.834650E+04  0.973753E+03  0.164426E+04  0.153744E+04  0.377207E+03  0.943885E+02
    ORGC   365    24  2003     1     1  0.258863E+03  0.100148E+04  0.148449E+04  0.339369E+04  0.350395E+04  0.829747E+04  0.966274E+03  0.163894E+04  0.152924E+04  0.377207E+03  0.943914E+02
    ORGC   365    24  2004     1     1  0.680004E+03  0.109642E+04  0.149225E+04  0.337550E+04  0.349061E+04  0.826859E+04  0.967676E+03  0.164173E+04  0.153629E+04  0.377203E+03  0.943998E+02
    ORGC   365    24  2005     1     1  0.166377E+03  0.108483E+04  0.147162E+04  0.332419E+04  0.344888E+04  0.821379E+04  0.959024E+03  0.163477E+04  0.152846E+04  0.377209E+03  0.944131E+02
    ORGC   365    24  2006     1     1  0.840704E+03  0.110090E+04  0.146023E+04  0.330536E+04  0.343818E+04  0.818838E+04  0.962678E+03  0.163808E+04  0.153369E+04  0.377198E+03  0.944212E+02
    ORGC   365    24  2007     1     1  0.240163E+03  0.114436E+04  0.143528E+04  0.324919E+04  0.339438E+04  0.813030E+04  0.952409E+03  0.163112E+04  0.152586E+04  0.377186E+03  0.944324E+02
    ORGC   365    24  2008     1     1  0.979742E+02  0.971186E+03  0.163948E+04  0.321883E+04  0.336980E+04  0.809076E+04  0.947751E+03  0.162950E+04  0.152023E+04  0.377149E+03  0.944443E+02
    ORGC   365    24  2009     1     1  0.485949E+03  0.987307E+03  0.198886E+04  0.323365E+04  0.337267E+04  0.808235E+04  0.955236E+03  0.163603E+04  0.153251E+04  0.377117E+03  0.944478E+02
    ORGC   365    24  2010     1     1  0.456732E+03  0.957976E+03  0.209555E+04  0.323894E+04  0.334930E+04  0.804469E+04  0.949975E+03  0.163409E+04  0.153224E+04  0.377126E+03  0.944544E+02
    ORGC   365    24  2011     1     1  0.694307E+03  0.858168E+03  0.221206E+04  0.324534E+04  0.333218E+04  0.801197E+04  0.946727E+03  0.163150E+04  0.153148E+04  0.377141E+03  0.944647E+02
    ORGC   365    24  2012     1     1           NaN           NaN           NaN           NaN           NaN           NaN           NaN           NaN           NaN           NaN           NaN
    ORGC   365    24  2013     1     1           NaN           NaN           NaN           NaN           NaN           NaN           NaN           NaN           NaN           NaN           NaN
    ORGC   365    24  2014     1     1           NaN           NaN           NaN           NaN           NaN           NaN           NaN           NaN           NaN           NaN           NaN
    ORGC   365    24  2015     1     1           NaN           NaN           NaN           NaN           NaN           NaN           NaN           NaN           NaN           NaN           NaN
    ORGC   365    24  2016     1     1           NaN           NaN           NaN           NaN           NaN           NaN           NaN           NaN           NaN           NaN           NaN
    ORGC   365    24  2017     1     1           NaN           NaN           NaN           NaN           NaN           NaN           NaN           NaN           NaN           NaN           NaN
    ORGC   365    24  2018     1     1           NaN           NaN           NaN           NaN           NaN           NaN           NaN           NaN           NaN           NaN           NaN
    ORGC   365    24  2019     1     1           NaN           NaN           NaN           NaN           NaN           NaN           NaN           NaN           NaN           NaN           NaN
    ORGC   365    24  2020     1     1           NaN           NaN           NaN           NaN           NaN           NaN           NaN           NaN           NaN           NaN           NaN
    ORGC   365    24  2021     1     1           NaN           NaN           NaN           NaN           NaN           NaN           NaN           NaN           NaN           NaN           NaN
    ORGC   365    24  2022     1     1           NaN           NaN           NaN           NaN           NaN           NaN           NaN           NaN           NaN           NaN           NaN
