-0.033,-1.5,0.2,5.33,400,10,1,0,0,0,0,0,0,1,1,1,8,0,2,0
0.01,0.05,0.15,0.25,0.55,0.65,1.35,2.0
1.100000023841858,1.100000023841858,1.100000023841858,1.100000023841858,1.25,1.350000023841858,1.600000023841858,1.600000023841858
0.3110000038146973,0.3110000038146973,0.3110000038146973,0.3110000038146973,0.3139999961853027,0.30700000762939456,0.27600000381469725,0.27600000381469725
0.18700000762939453,0.18700000762939453,0.18700000762939453,0.18700000762939453,0.19100000381469726,0.17700000762939452,0.13199999809265137,0.13199999809265137
10.151999759674071,10.151999759674071,10.151999759674071,10.151999759674071,10.151999759674071,10.151999759674071,33.0120002746582,33.0120002746582
10.151999759674071,10.151999759674071,10.151999759674071,10.151999759674071,10.151999759674071,10.151999759674071,33.0120002746582,33.0120002746582
310.0,310.0,310.0,310.0,310.0,370.0,440.0,440.0
390.0,390.0,390.0,390.0,390.0,330.0,350.0,350.0
0.01,0.01,0.01,0.01,0.0,0.0,0.0,0.0
0,0,0,0,0,0,0,0
6.199999809265137,6.199999809265137,6.199999809265137,6.199999809265137,6.199999809265137,6.599999904632568,8.0,8.0
25.600000381469727,25.600000381469727,25.600000381469727,25.600000381469727,25.200000762939453,24.100000381469727,15.0,15.0
2.5,2.5,2.5,2.5,2.5,2.5,2.5,2.5
34.8,34.8,34.8,34.8,23.2,7.249999999999999,1.45,1.45
0,0,0,0,0,0,0,0
-1,-1,-1,-1,-1,-1,-1,-1
-1,-1,-1,-1,-1,-1,-1,-1
3,3,3,3,3,3,3,3
12,12,12,12,12,12,12,12
10,10,10,10,10,10,10,10
-1,-1,-1,-1,-1,-1,-1,-1
-1,-1,-1,-1,-1,-1,-1,-1
40,40,40,40,40,40,40,40
120,120,120,120,120,120,120,120
23,23,23,23,23,23,23,23
39,39,39,39,39,39,39,39
48,48,48,48,48,48,48,48
35,35,35,35,35,35,35,35
50,50,50,50,50,50,50,50
50,50,50,50,50,50,50,50
50,50,50,50,50,50,50,50
50,50,50,50,50,50,50,50
1000,1000,1000,1000,1000,1000,1000,1000
2000,2000,2000,2000,2000,2000,2000,2000
0,0,0,0,0,0,0,0
0,0,0,0,0,0,0,0
0.025,0.025,0.025,0.025,0.025,0.025,0.025,0.025
0.25,0.25,0.25,0.25,0.25,0.25,0.25,0.25
0.25,0.25,0.25,0.25,0.25,0.25,0.25,0.25
0.6,0.6,0.6,0.6,0.6,0.6,0.6,0.6
0.16,0.16,0.16,0.16,0.16,0.16,0.16,0.16
3,3,3,3,3,3,3,3
1,1,1,1,1,1,1,1
0,0,0,0,0,0,0,0
45,45,45,45,45,45,45,45
1.5,1.5,1.5,1.5,1.5,1.5,1.5,1.5
0.15,0.15,0.15,0.15,0.15,0.15,0.15,0.15
0,0,0,0,0,0,0,0
0,0,0,0,0,0,0,0
0,0,0,0,0,0,0,0
0,0,0,0,0,0,0,0
0,0,0,0,0,0,0,0
0,0,0,0,0,0,0,0
