 3651995   1   0   0   1
 3651995   1  0.00000000E+000  0.00000000E+000  0.00000000E+000  0.00000000E+000  0.00000000E+000  0.00000000E+000  0.00000000E+000  0.00000000E+000  0.00000000E+000  0.00000000E+000  0.00000000E+000  0.00000000E+000
 3661996   1   0   0   1
 3661996   1  0.00000000E+000  0.00000000E+000  0.00000000E+000  0.00000000E+000  0.00000000E+000  0.00000000E+000  0.00000000E+000  0.00000000E+000  0.00000000E+000  0.00000000E+000  0.00000000E+000  0.00000000E+000
 3651997   1   0   0   1
 3651997   1  0.00000000E+000  0.00000000E+000  0.00000000E+000  0.00000000E+000  0.00000000E+000  0.00000000E+000  0.00000000E+000  0.00000000E+000  0.00000000E+000  0.00000000E+000  0.00000000E+000  0.00000000E+000
 3651998   1   0   0   1
 3651998   1  0.00000000E+000  0.00000000E+000  0.00000000E+000  0.00000000E+000  0.00000000E+000  0.00000000E+000  0.00000000E+000  0.00000000E+000  0.00000000E+000  0.00000000E+000  0.00000000E+000  0.00000000E+000
 3651999   1   0   0   1
 3651999   1  0.00000000E+000  0.00000000E+000  0.00000000E+000  0.00000000E+000  0.00000000E+000  0.00000000E+000  0.00000000E+000  0.00000000E+000  0.00000000E+000  0.00000000E+000  0.00000000E+000  0.00000000E+000
 3662000   1   0   0   1
 3662000   1  0.00000000E+000  0.00000000E+000  0.00000000E+000  0.00000000E+000  0.00000000E+000  0.00000000E+000  0.00000000E+000  0.00000000E+000  0.00000000E+000  0.00000000E+000  0.00000000E+000  0.00000000E+000
 3652001   1   0   0   1
 3652001   1  0.00000000E+000  0.00000000E+000  0.00000000E+000  0.00000000E+000  0.00000000E+000  0.00000000E+000  0.00000000E+000  0.00000000E+000  0.00000000E+000  0.00000000E+000  0.00000000E+000  0.00000000E+000
 3652002   1   0   0   1
 3652002   1  0.00000000E+000  0.00000000E+000  0.00000000E+000  0.00000000E+000  0.00000000E+000  0.00000000E+000  0.00000000E+000  0.00000000E+000  0.00000000E+000  0.00000000E+000  0.00000000E+000  0.00000000E+000
 3652003   1   0   0   1
 3652003   1  0.00000000E+000  0.00000000E+000  0.00000000E+000  0.00000000E+000  0.00000000E+000  0.00000000E+000  0.00000000E+000  0.00000000E+000  0.00000000E+000  0.00000000E+000  0.00000000E+000  0.00000000E+000
 3662004   1   0   0   1
 3662004   1  0.00000000E+000  0.00000000E+000  0.00000000E+000  0.00000000E+000  0.00000000E+000  0.00000000E+000  0.00000000E+000  0.00000000E+000  0.00000000E+000  0.00000000E+000  0.00000000E+000  0.00000000E+000
 3652005   1   0   0   1
 3652005   1  0.00000000E+000  0.00000000E+000  0.00000000E+000  0.00000000E+000  0.00000000E+000  0.00000000E+000  0.00000000E+000  0.00000000E+000  0.00000000E+000  0.00000000E+000  0.00000000E+000  0.00000000E+000
 3652006   1   0   0   1
 3652006   1  0.00000000E+000  0.00000000E+000  0.00000000E+000  0.00000000E+000  0.00000000E+000  0.00000000E+000  0.00000000E+000  0.00000000E+000  0.00000000E+000  0.00000000E+000  0.00000000E+000  0.00000000E+000
 3652007   1   0   0   1
 3652007   1  0.00000000E+000  0.00000000E+000  0.00000000E+000  0.00000000E+000  0.00000000E+000  0.00000000E+000  0.00000000E+000  0.00000000E+000  0.00000000E+000  0.00000000E+000  0.00000000E+000  0.00000000E+000
 3662008   1   0   0   1
 3662008   1  0.00000000E+000  0.00000000E+000  0.00000000E+000  0.00000000E+000  0.00000000E+000  0.00000000E+000  0.00000000E+000  0.00000000E+000  0.00000000E+000  0.00000000E+000  0.00000000E+000  0.00000000E+000
 3652009   1   0   0   1
 3652009   1  0.00000000E+000  0.00000000E+000  0.00000000E+000  0.00000000E+000  0.00000000E+000  0.00000000E+000  0.00000000E+000  0.00000000E+000  0.00000000E+000  0.00000000E+000  0.00000000E+000  0.00000000E+000
 3652010   1   0   0   1
 3652010   1  0.00000000E+000  0.00000000E+000  0.00000000E+000  0.00000000E+000  0.00000000E+000  0.00000000E+000  0.00000000E+000  0.00000000E+000  0.00000000E+000  0.00000000E+000  0.00000000E+000  0.00000000E+000
 3652011   1   0   0   1
 3652011   1  0.00000000E+000  0.00000000E+000  0.00000000E+000  0.00000000E+000  0.00000000E+000  0.00000000E+000  0.00000000E+000  0.00000000E+000  0.00000000E+000  0.00000000E+000  0.00000000E+000  0.00000000E+000
 3662012   1   0   0   1
 3662012   1              NaN              NaN              NaN              NaN              NaN              NaN              NaN              NaN              NaN              NaN              NaN              NaN
 3652013   1   0   0   1
 3652013   1              NaN              NaN              NaN              NaN              NaN              NaN              NaN              NaN              NaN              NaN              NaN              NaN
 3652014   1   0   0   1
 3652014   1              NaN              NaN              NaN              NaN              NaN              NaN              NaN              NaN              NaN              NaN              NaN              NaN
 3652015   1   0   0   1
 3652015   1              NaN              NaN              NaN              NaN              NaN              NaN              NaN              NaN              NaN              NaN              NaN              NaN
 3662016   1   0   0   1
 3662016   1              NaN              NaN              NaN              NaN              NaN              NaN              NaN              NaN              NaN              NaN              NaN              NaN
 3652017   1   0   0   1
 3652017   1              NaN              NaN              NaN              NaN              NaN              NaN              NaN              NaN              NaN              NaN              NaN              NaN
 3652018   1   0   0   1
 3652018   1              NaN              NaN              NaN              NaN              NaN              NaN              NaN              NaN              NaN              NaN              NaN              NaN
 3652019   1   0   0   1
 3652019   1              NaN              NaN              NaN              NaN              NaN              NaN              NaN              NaN              NaN              NaN              NaN              NaN
 3662020   1   0   0   1
 3662020   1              NaN              NaN              NaN              NaN              NaN              NaN              NaN              NaN              NaN              NaN              NaN              NaN
 3652021   1   0   0   1
 3652021   1              NaN              NaN              NaN              NaN              NaN              NaN              NaN              NaN              NaN              NaN              NaN              NaN
 3652022   1   0   0   1
 3652022   1              NaN              NaN              NaN              NaN              NaN              NaN              NaN              NaN              NaN              NaN              NaN              NaN
