    ORGC   365    24  1995     1     1  0.341077E+03  0.466890E+03  0.127444E+04  0.303519E+04  0.305918E+04  0.932956E+04  0.129097E+04  0.428271E+04  0.164581E+04  0.400645E+03  0.100285E+03
    ORGC   365    24  1996     1     1  0.800995E+03  0.549628E+03  0.131205E+04  0.303568E+04  0.305376E+04  0.928867E+04  0.128439E+04  0.427358E+04  0.165385E+04  0.400705E+03  0.100263E+03
    ORGC   365    24  1997     1     1  0.456633E+03  0.689167E+03  0.135198E+04  0.300719E+04  0.302124E+04  0.924731E+04  0.127654E+04  0.426344E+04  0.164509E+04  0.400821E+03  0.100254E+03
    ORGC   365    24  1998     1     1  0.662673E+03  0.756908E+03  0.136748E+04  0.299504E+04  0.300341E+04  0.919380E+04  0.127237E+04  0.425287E+04  0.165003E+04  0.400914E+03  0.100250E+03
    ORGC   365    24  1999     1     1  0.639396E+03  0.861523E+03  0.139640E+04  0.297998E+04  0.298320E+04  0.915028E+04  0.127028E+04  0.424322E+04  0.165354E+04  0.401038E+03  0.100249E+03
    ORGC   365    24  2000     1     1  0.413762E+03  0.947334E+03  0.140516E+04  0.295160E+04  0.295418E+04  0.909960E+04  0.126328E+04  0.423081E+04  0.165001E+04  0.401151E+03  0.100250E+03
    ORGC   365    24  2001     1     1  0.480018E+03  0.105573E+04  0.144239E+04  0.294837E+04  0.294561E+04  0.906653E+04  0.126417E+04  0.422863E+04  0.165874E+04  0.401271E+03  0.100250E+03
    ORGC   365    24  2002     1     1  0.377140E+03  0.109314E+04  0.144652E+04  0.291965E+04  0.292033E+04  0.901949E+04  0.125468E+04  0.421753E+04  0.164523E+04  0.401384E+03  0.100251E+03
    ORGC   365    24  2003     1     1  0.698543E+03  0.114763E+04  0.147277E+04  0.292800E+04  0.292147E+04  0.899754E+04  0.126119E+04  0.421520E+04  0.166003E+04  0.401432E+03  0.100252E+03
    ORGC   365    24  2004     1     1  0.496415E+03  0.123888E+04  0.149685E+04  0.289842E+04  0.289276E+04  0.894710E+04  0.125235E+04  0.420248E+04  0.165243E+04  0.401500E+03  0.100251E+03
    ORGC   365    24  2005     1     1  0.714952E+03  0.125883E+04  0.149747E+04  0.288578E+04  0.287548E+04  0.890024E+04  0.124814E+04  0.419010E+04  0.165530E+04  0.401576E+03  0.100252E+03
    ORGC   365    24  2006     1     1  0.399933E+03  0.135023E+04  0.150840E+04  0.285246E+04  0.284734E+04  0.884953E+04  0.124106E+04  0.417625E+04  0.164288E+04  0.401628E+03  0.100251E+03
    ORGC   365    24  2007     1     1  0.589557E+03  0.139487E+04  0.151880E+04  0.283820E+04  0.283061E+04  0.880491E+04  0.124024E+04  0.416680E+04  0.164923E+04  0.401652E+03  0.100254E+03
    ORGC   365    24  2008     1     1  0.395765E+03  0.124604E+04  0.193574E+04  0.286101E+04  0.282346E+04  0.877234E+04  0.124140E+04  0.416185E+04  0.165647E+04  0.401723E+03  0.100258E+03
    ORGC   365    24  2009     1     1  0.311277E+03  0.111127E+04  0.212695E+04  0.289259E+04  0.281999E+04  0.874721E+04  0.123958E+04  0.415829E+04  0.166306E+04  0.401832E+03  0.100260E+03
    ORGC   365    24  2010     1     1  0.381320E+03  0.107819E+04  0.193576E+04  0.282294E+04  0.277999E+04  0.868787E+04  0.122971E+04  0.414996E+04  0.164718E+04  0.401918E+03  0.100262E+03
    ORGC   365    24  2011     1     1  0.474592E+03  0.103545E+04  0.223799E+04  0.283252E+04  0.277947E+04  0.866381E+04  0.123252E+04  0.414403E+04  0.165848E+04  0.401927E+03  0.100264E+03
    ORGC   365    24  2012     1     1  0.322026E+03  0.106523E+04  0.208672E+04  0.280519E+04  0.275018E+04  0.862115E+04  0.122880E+04  0.413165E+04  0.165768E+04  0.401917E+03  0.100263E+03
    ORGC   365    24  2013     1     1  0.591499E+03  0.100014E+04  0.240488E+04  0.283416E+04  0.276168E+04  0.860666E+04  0.122818E+04  0.412640E+04  0.166742E+04  0.401967E+03  0.100263E+03
    ORGC   365    24  2014     1     1  0.451965E+03  0.992641E+03  0.252745E+04  0.287896E+04  0.275801E+04  0.857917E+04  0.122482E+04  0.411711E+04  0.166351E+04  0.402074E+03  0.100264E+03
    ORGC   365    24  2015     1     1  0.308995E+03  0.102918E+04  0.231882E+04  0.282947E+04  0.272317E+04  0.853145E+04  0.121868E+04  0.411121E+04  0.165536E+04  0.402128E+03  0.100265E+03
    ORGC   365    24  2016     1     1  0.350611E+03  0.100100E+04  0.249855E+04  0.282864E+04  0.270758E+04  0.848844E+04  0.121603E+04  0.409905E+04  0.166032E+04  0.402176E+03  0.100270E+03
    ORGC   365    24  2017     1     1  0.336717E+03  0.103470E+04  0.237143E+04  0.279619E+04  0.268512E+04  0.844594E+04  0.121046E+04  0.408722E+04  0.165149E+04  0.402212E+03  0.100273E+03
    ORGC   365    24  2018     1     1  0.544601E+03  0.113392E+04  0.236612E+04  0.278689E+04  0.267864E+04  0.841278E+04  0.120964E+04  0.408010E+04  0.165932E+04  0.402246E+03  0.100275E+03
    ORGC   365    24  2019     1     1  0.420691E+03  0.115755E+04  0.234147E+04  0.276677E+04  0.265751E+04  0.837640E+04  0.120715E+04  0.407073E+04  0.165476E+04  0.402298E+03  0.100279E+03
    ORGC   365    24  2020     1     1  0.642947E+03  0.123023E+04  0.231978E+04  0.276029E+04  0.265329E+04  0.834542E+04  0.120662E+04  0.406649E+04  0.166464E+04  0.402321E+03  0.100281E+03
    ORGC   365    24  2021     1     1  0.360159E+03  0.126939E+04  0.228199E+04  0.271426E+04  0.261419E+04  0.828949E+04  0.119558E+04  0.405284E+04  0.165104E+04  0.402327E+03  0.100281E+03
    ORGC   365    24  2022     1     1  0.716833E+03  0.130759E+04  0.226426E+04  0.271263E+04  0.261113E+04  0.825338E+04  0.119539E+04  0.404583E+04  0.166051E+04  0.402317E+03  0.100282E+03
