    ORGN   365    24  1995     1     1  0.388434E+02  0.357770E+02  0.930127E+02  0.224629E+03  0.227710E+03  0.699303E+03  0.116238E+03  0.447200E+03  0.201791E+03  0.500451E+02  0.125294E+02
    ORGN   365    24  1996     1     1  0.252432E+02  0.375020E+02  0.945110E+02  0.222390E+03  0.225617E+03  0.694992E+03  0.115597E+03  0.445935E+03  0.201799E+03  0.500345E+02  0.125241E+02
    ORGN   365    24  1997     1     1  0.388736E+02  0.494221E+02  0.976637E+02  0.221023E+03  0.223824E+03  0.691718E+03  0.115125E+03  0.444882E+03  0.201395E+03  0.500325E+02  0.125221E+02
    ORGN   365    24  1998     1     1  0.205107E+02  0.521222E+02  0.985572E+02  0.219447E+03  0.222009E+03  0.687577E+03  0.114659E+03  0.443600E+03  0.201315E+03  0.500312E+02  0.125212E+02
    ORGN   365    24  1999     1     1  0.159323E+02  0.570051E+02  0.992151E+02  0.217782E+03  0.220279E+03  0.683804E+03  0.114325E+03  0.442405E+03  0.201254E+03  0.500318E+02  0.125209E+02
    ORGN   365    24  2000     1     1  0.320942E+02  0.647081E+02  0.997250E+02  0.215702E+03  0.218326E+03  0.679850E+03  0.113859E+03  0.441077E+03  0.201066E+03  0.500316E+02  0.125209E+02
    ORGN   365    24  2001     1     1  0.169998E+02  0.690266E+02  0.102120E+03  0.214953E+03  0.217305E+03  0.677006E+03  0.113693E+03  0.440257E+03  0.201165E+03  0.500321E+02  0.125208E+02
    ORGN   365    24  2002     1     1  0.278483E+02  0.735713E+02  0.102062E+03  0.212892E+03  0.215460E+03  0.673378E+03  0.113148E+03  0.439270E+03  0.200506E+03  0.500321E+02  0.125209E+02
    ORGN   365    24  2003     1     1  0.235385E+02  0.747844E+02  0.102954E+03  0.212043E+03  0.214582E+03  0.670688E+03  0.113036E+03  0.438308E+03  0.200620E+03  0.500290E+02  0.125210E+02
    ORGN   365    24  2004     1     1  0.369771E+02  0.832849E+02  0.104964E+03  0.210743E+03  0.213169E+03  0.667492E+03  0.112680E+03  0.437331E+03  0.200444E+03  0.500259E+02  0.125208E+02
    ORGN   365    24  2005     1     1  0.237054E+02  0.835410E+02  0.105249E+03  0.209303E+03  0.211523E+03  0.663670E+03  0.112192E+03  0.436030E+03  0.200351E+03  0.500235E+02  0.125209E+02
    ORGN   365    24  2006     1     1  0.294401E+02  0.913974E+02  0.105864E+03  0.207129E+03  0.209674E+03  0.659917E+03  0.111750E+03  0.434791E+03  0.199703E+03  0.500197E+02  0.125208E+02
    ORGN   365    24  2007     1     1  0.207812E+02  0.922070E+02  0.106349E+03  0.205524E+03  0.208103E+03  0.656204E+03  0.111401E+03  0.433507E+03  0.199705E+03  0.500148E+02  0.125212E+02
    ORGN   365    24  2008     1     1  0.105917E+02  0.797380E+02  0.127328E+03  0.205711E+03  0.207053E+03  0.653215E+03  0.111198E+03  0.432497E+03  0.199769E+03  0.500123E+02  0.125217E+02
    ORGN   365    24  2009     1     1  0.702406E+01  0.703323E+02  0.140310E+03  0.207200E+03  0.206408E+03  0.650788E+03  0.110956E+03  0.431663E+03  0.199774E+03  0.500106E+02  0.125219E+02
    ORGN   365    24  2010     1     1  0.319844E+02  0.719989E+02  0.134398E+03  0.204358E+03  0.204498E+03  0.647065E+03  0.110434E+03  0.430854E+03  0.199149E+03  0.500075E+02  0.125221E+02
    ORGN   365    24  2011     1     1  0.169625E+02  0.664638E+02  0.147831E+03  0.202811E+03  0.203233E+03  0.644080E+03  0.110172E+03  0.429721E+03  0.199150E+03  0.500013E+02  0.125223E+02
    ORGN   365    24  2012     1     1  0.367690E+02  0.745902E+02  0.144239E+03  0.201837E+03  0.201794E+03  0.641155E+03  0.110045E+03  0.428666E+03  0.199271E+03  0.499933E+02  0.125222E+02
    ORGN   365    24  2013     1     1  0.181124E+02  0.654591E+02  0.158228E+03  0.202403E+03  0.201378E+03  0.639181E+03  0.109748E+03  0.427903E+03  0.199392E+03  0.499894E+02  0.125221E+02
    ORGN   365    24  2014     1     1  0.117466E+02  0.632053E+02  0.165678E+03  0.204732E+03  0.200943E+03  0.636952E+03  0.109429E+03  0.426898E+03  0.199174E+03  0.499877E+02  0.125223E+02
    ORGN   365    24  2015     1     1  0.268680E+02  0.700875E+02  0.159986E+03  0.203442E+03  0.199595E+03  0.634082E+03  0.109098E+03  0.426124E+03  0.198779E+03  0.499836E+02  0.125224E+02
    ORGN   365    24  2016     1     1  0.124803E+02  0.657556E+02  0.169113E+03  0.202328E+03  0.198102E+03  0.630641E+03  0.108730E+03  0.424873E+03  0.198834E+03  0.499788E+02  0.125229E+02
    ORGN   365    24  2017     1     1  0.269185E+02  0.703341E+02  0.163133E+03  0.200185E+03  0.196382E+03  0.627095E+03  0.108264E+03  0.423567E+03  0.198432E+03  0.499732E+02  0.125232E+02
    ORGN   365    24  2018     1     1  0.174934E+02  0.733688E+02  0.162596E+03  0.199170E+03  0.195514E+03  0.624391E+03  0.108010E+03  0.422566E+03  0.198427E+03  0.499683E+02  0.125235E+02
    ORGN   365    24  2019     1     1  0.365379E+02  0.773987E+02  0.161214E+03  0.197860E+03  0.194111E+03  0.621454E+03  0.107753E+03  0.421543E+03  0.198286E+03  0.499645E+02  0.125239E+02
    ORGN   365    24  2020     1     1  0.219720E+02  0.797745E+02  0.159151E+03  0.196507E+03  0.193108E+03  0.618677E+03  0.107465E+03  0.420578E+03  0.198239E+03  0.499589E+02  0.125241E+02
    ORGN   365    24  2021     1     1  0.273924E+02  0.857194E+02  0.157785E+03  0.194212E+03  0.191125E+03  0.615019E+03  0.106878E+03  0.419518E+03  0.197596E+03  0.499514E+02  0.125240E+02
    ORGN   365    24  2022     1     1  0.225015E+02  0.852960E+02  0.155827E+03  0.193148E+03  0.190065E+03  0.611758E+03  0.106545E+03  0.418355E+03  0.197634E+03  0.499439E+02  0.125241E+02
