-0.033,-1.5,0.2,5.33,400,10,1,0,0,0,0,0,0,1,1,1,8,0,2,0
0.01,0.05,0.15,0.25,0.55,0.65,1.35,2.0
1.350000023841858,1.350000023841858,1.350000023841858,1.350000023841858,1.350000023841858,1.450000047683715,1.399999976158142,1.700000047683715
0.3089999961853027,0.3089999961853027,0.3089999961853027,0.3089999961853027,0.3089999961853027,0.22,0.18600000381469728,0.26799999237060546
0.17299999237060548,0.17299999237060548,0.17299999237060548,0.17299999237060548,0.17299999237060548,0.135,0.09300000190734864,0.13100000381469726
32.4,32.4,32.4,32.4,32.4,32.4,100.8,2.5199999570846554
32.4,32.4,32.4,32.4,32.4,32.4,100.8,2.5199999570846554
300.0,300.0,300.0,300.0,300.0,550.0,700.0,440.0
470.0,470.0,470.0,470.0,470.0,240.0,150.0,340.0
0.01,0.01,0.01,0.01,0.0,0.0,0.0,0.0
0,0,0,0,0,0,0,0
6.699999809265137,6.699999809265137,6.699999809265137,6.699999809265137,6.699999809265137,6.699999809265137,6.699999809265137,8.100000381469727
21.0,21.0,21.0,21.0,21.0,12.5,12.5,11.5
2.5,2.5,2.5,2.5,2.5,2.5,2.5,2.5
23.2,23.2,23.2,23.2,23.2,8.7,4.35,1.45
0,0,0,0,0,0,0,0
-1,-1,-1,-1,-1,-1,-1,-1
-1,-1,-1,-1,-1,-1,-1,-1
3,3,3,3,3,3,3,3
12,12,12,12,12,12,12,12
10,10,10,10,10,10,10,10
-1,-1,-1,-1,-1,-1,-1,-1
-1,-1,-1,-1,-1,-1,-1,-1
40,40,40,40,40,40,40,40
120,120,120,120,120,120,120,120
23,23,23,23,23,23,23,23
39,39,39,39,39,39,39,39
48,48,48,48,48,48,48,48
35,35,35,35,35,35,35,35
50,50,50,50,50,50,50,50
50,50,50,50,50,50,50,50
50,50,50,50,50,50,50,50
50,50,50,50,50,50,50,50
1000,1000,1000,1000,1000,1000,1000,1000
2000,2000,2000,2000,2000,2000,2000,2000
0,0,0,0,0,0,0,0
0,0,0,0,0,0,0,0
0.025,0.025,0.025,0.025,0.025,0.025,0.025,0.025
0.25,0.25,0.25,0.25,0.25,0.25,0.25,0.25
0.25,0.25,0.25,0.25,0.25,0.25,0.25,0.25
0.6,0.6,0.6,0.6,0.6,0.6,0.6,0.6
0.16,0.16,0.16,0.16,0.16,0.16,0.16,0.16
3,3,3,3,3,3,3,3
1,1,1,1,1,1,1,1
0,0,0,0,0,0,0,0
45,45,45,45,45,45,45,45
1.5,1.5,1.5,1.5,1.5,1.5,1.5,1.5
0.15,0.15,0.15,0.15,0.15,0.15,0.15,0.15
0,0,0,0,0,0,0,0
0,0,0,0,0,0,0,0
0,0,0,0,0,0,0,0
0,0,0,0,0,0,0,0
0,0,0,0,0,0,0,0
0,0,0,0,0,0,0,0
