 3662004   2  0.26056984E+001  0.00000000E+000  0.60215325E-003 -0.20484819E+001  0.16660529E+002  0.11394877E+002  0.11034896E+002  0.17562111E+001  0.22407234E+000  0.81703743E+001  0.32348081E+001  0.15510138E+001  0.85305757E+000  0.12278859E+000  0.12278859E+000
  0.00000000E+000  0.00000000E+000  0.10332005E+001  0.56097910E-001  0.56097910E-002  0.20431556E-001  0.20000000E-001  0.00000000E+000  0.00000000E+000  0.85604797E+001  0.23639764E+000
 3662004   2  0.26056984E+001
 3662004   2  0.10444297E+001
 3662004   2  0.15289420E+000
 3662004   2  0.00000000E+000
 3662004   2  0.00000000E+000
 3662004   2  0.00000000E+000
 3662004   2  0.16660529E+002
 3662004   2  0.81703743E+001
 3662004   2  0.00000000E+000
 3662004   2  0.32348081E+001
 3662004   2  0.15510138E+001
 3662004   2  0.15510138E+001
 3662004   2  0.85305757E+000
 3662004   2  0.12278859E+000
 3662004   2  0.12278859E+000
 3662004   2  0.00000000E+000
 3662004   2  0.11394877E+002
 3662004   2  0.17562111E+001
 3662004   2  0.59220050E+000
 3662004   2  0.00000000E+000
 3662004   2  0.80870202E-001
 3662004   2  0.15510138E-001
 3662004   2  0.17061151E-001
 3662004   2  0.30697147E-002
 3662004   2  0.30697147E-002
 3662004   2  0.00000000E+000
 3662004   2  0.22407234E+000
 3662004   2  0.59220050E-001
 3662004   2  0.00000000E+000
 3662004   2  0.80870202E-002
 3662004   2  0.15510138E-002
 3662004   2  0.17061151E-002
 3662004   2  0.30697147E-003
 3662004   2  0.30697147E-003
 3662004   2  0.00000000E+000
 3662004   2  0.00000000E+000
 3662004   2  0.00000000E+000
 3662004   2  0.00000000E+000
 3662004   2  0.41969681E+000
 3662004   2  0.00000000E+000
 3662004   2  0.00000000E+000
 3662004   2  0.00000000E+000
 3662004   2  0.00000000E+000
 3662004   2  0.00000000E+000
 3662004   2  0.00000000E+000
 3662004   2  0.00000000E+000
 3662004   2  0.00000000E+000
 3662004   2  0.00000000E+000
 3662004   2  0.00000000E+000
 3662004   2  0.00000000E+000
 3662004   2  0.00000000E+000
 3662004   2  0.00000000E+000
 3662004   2  0.00000000E+000
 3662004   2  0.00000000E+000
 3662004   2  0.00000000E+000
 3662004   2  0.00000000E+000
 3662004   2  0.54244466E-002  0.47092745E-001  0.45755688E-001  0.45988532E-001  0.46198673E-001  0.46126885E-001  0.45949530E-001  0.46132546E-001  0.45594685E-001  0.45433077E-001
 3662004   2  0.30831426E-001  0.00000000E+000  0.00000000E+000  0.00000000E+000  0.00000000E+000  0.00000000E+000  0.00000000E+000  0.00000000E+000  0.00000000E+000  0.00000000E+000
 3652019   2  0.22315269E+001  0.00000000E+000  0.42953789E-003 -0.18042695E+001  0.12453032E+002  0.85782011E+001  0.10408148E+002  0.15510525E+001  0.19718479E+000  0.61418990E+001  0.24364291E+001  0.96185992E+000  0.52902295E+000  0.76147244E-001  0.76147244E-001
  0.00000000E+000  0.00000000E+000  0.16963113E+001  0.92332335E-001  0.92332335E-002  0.20241595E-001  0.20000000E-001  0.00000000E+000  0.40000000E+001  0.81314462E+001  0.19954889E+000
 3652019   2  0.22315269E+001
 3652019   2  0.99429420E+000
 3652019   2  0.14150896E+000
 3652019   2  0.00000000E+000
 3652019   2  0.00000000E+000
 3652019   2  0.00000000E+000
 3652019   2  0.12453032E+002
 3652019   2  0.61418990E+001
 3652019   2  0.00000000E+000
 3652019   2  0.24364291E+001
 3652019   2  0.96185992E+000
 3652019   2  0.96185992E+000
 3652019   2  0.52902295E+000
 3652019   2  0.76147244E-001
 3652019   2  0.76147244E-001
 3652019   2  0.00000000E+000
 3652019   2  0.85782011E+001
 3652019   2  0.15510525E+001
 3652019   2  0.47184118E+000
 3652019   2  0.00000000E+000
 3652019   2  0.60910727E-001
 3652019   2  0.96185992E-002
 3652019   2  0.10580459E-001
 3652019   2  0.19036811E-002
 3652019   2  0.19036811E-002
 3652019   2  0.00000000E+000
 3652019   2  0.19718479E+000
 3652019   2  0.47184118E-001
 3652019   2  0.00000000E+000
 3652019   2  0.60910727E-002
 3652019   2  0.96185992E-003
 3652019   2  0.10580459E-002
 3652019   2  0.19036811E-003
 3652019   2  0.19036811E-003
 3652019   2  0.00000000E+000
 3652019   2  0.00000000E+000
 3652019   2  0.00000000E+000
 3652019   2  0.00000000E+000
 3652019   2  0.35523687E+000
 3652019   2  0.00000000E+000
 3652019   2  0.00000000E+000
 3652019   2  0.00000000E+000
 3652019   2  0.00000000E+000
 3652019   2  0.00000000E+000
 3652019   2  0.00000000E+000
 3652019   2  0.00000000E+000
 3652019   2  0.00000000E+000
 3652019   2  0.00000000E+000
 3652019   2  0.00000000E+000
 3652019   2  0.00000000E+000
 3652019   2  0.00000000E+000
 3652019   2  0.00000000E+000
 3652019   2  0.00000000E+000
 3652019   2  0.00000000E+000
 3652019   2  0.00000000E+000
 3652019   2  0.00000000E+000
 3652019   2  0.12799181E-001  0.38107871E-001  0.38107252E-001  0.38022437E-001  0.38029779E-001  0.38023739E-001  0.38044920E-001  0.37964976E-001  0.38136538E-001  0.38000174E-001
 3652019   2  0.22763814E-001  0.00000000E+000  0.00000000E+000  0.00000000E+000  0.00000000E+000  0.00000000E+000  0.00000000E+000  0.00000000E+000  0.00000000E+000  0.00000000E+000
