    ORGN   365    24  1995     1     1  0.222644E+02  0.263077E+02  0.673074E+02  0.164782E+03  0.168128E+03  0.210022E+03  0.713706E+02  0.234087E+03  0.218407E+03  0.544172E+02  0.136215E+02
    ORGN   365    24  1996     1     1  0.225503E+02  0.315122E+02  0.687659E+02  0.162169E+03  0.165939E+03  0.208484E+03  0.707954E+02  0.233375E+03  0.217612E+03  0.543945E+02  0.136161E+02
    ORGN   365    24  1997     1     1  0.227747E+02  0.360235E+02  0.691010E+02  0.161009E+03  0.165009E+03  0.207728E+03  0.705527E+02  0.232770E+03  0.217253E+03  0.543817E+02  0.136143E+02
    ORGN   365    24  1998     1     1  0.230768E+02  0.440705E+02  0.707509E+02  0.159356E+03  0.163424E+03  0.206709E+03  0.702058E+02  0.232214E+03  0.216647E+03  0.543691E+02  0.136133E+02
    ORGN   365    24  1999     1     1  0.307474E+02  0.449344E+02  0.703096E+02  0.157830E+03  0.162302E+03  0.205942E+03  0.701379E+02  0.231948E+03  0.216594E+03  0.543570E+02  0.136128E+02
    ORGN   365    24  2000     1     1  0.352521E+02  0.551513E+02  0.736839E+02  0.157177E+03  0.161440E+03  0.205378E+03  0.700030E+02  0.231873E+03  0.216184E+03  0.543464E+02  0.136126E+02
    ORGN   365    24  2001     1     1  0.293843E+02  0.598234E+02  0.744160E+02  0.156253E+03  0.160572E+03  0.204773E+03  0.699573E+02  0.231362E+03  0.216013E+03  0.543366E+02  0.136129E+02
    ORGN   365    24  2002     1     1  0.261357E+02  0.640369E+02  0.758430E+02  0.155201E+03  0.159262E+03  0.203848E+03  0.695322E+02  0.230869E+03  0.215468E+03  0.543248E+02  0.136129E+02
    ORGN   365    24  2003     1     1  0.232638E+02  0.672198E+02  0.762706E+02  0.154394E+03  0.158581E+03  0.203290E+03  0.693081E+02  0.230432E+03  0.215112E+03  0.543136E+02  0.136131E+02
    ORGN   365    24  2004     1     1  0.170282E+02  0.703698E+02  0.764886E+02  0.152815E+03  0.157125E+03  0.202320E+03  0.689711E+02  0.230088E+03  0.214617E+03  0.543004E+02  0.136134E+02
    ORGN   365    24  2005     1     1  0.231662E+02  0.731715E+02  0.767871E+02  0.151701E+03  0.156090E+03  0.201742E+03  0.687586E+02  0.229533E+03  0.214373E+03  0.542868E+02  0.136135E+02
    ORGN   365    24  2006     1     1  0.151031E+02  0.760557E+02  0.769781E+02  0.150023E+03  0.154683E+03  0.200628E+03  0.684252E+02  0.228976E+03  0.213897E+03  0.542725E+02  0.136139E+02
    ORGN   365    24  2007     1     1  0.182543E+02  0.752924E+02  0.754831E+02  0.148484E+03  0.153568E+03  0.199873E+03  0.682193E+02  0.228674E+03  0.213483E+03  0.542583E+02  0.136140E+02
    ORGN   365    24  2008     1     1  0.239092E+02  0.754170E+02  0.752958E+02  0.147566E+03  0.152896E+03  0.199469E+03  0.681662E+02  0.228291E+03  0.213309E+03  0.542449E+02  0.136142E+02
    ORGN   365    24  2009     1     1  0.224755E+02  0.824712E+02  0.769118E+02  0.146764E+03  0.151993E+03  0.198947E+03  0.679920E+02  0.228010E+03  0.212921E+03  0.542316E+02  0.136142E+02
    ORGN   365    24  2010     1     1  0.242195E+02  0.831473E+02  0.768857E+02  0.145753E+03  0.151155E+03  0.198354E+03  0.678015E+02  0.227658E+03  0.212872E+03  0.542173E+02  0.136143E+02
    ORGN   365    24  2011     1     1  0.224128E+02  0.880542E+02  0.780599E+02  0.144727E+03  0.150076E+03  0.197578E+03  0.675368E+02  0.227349E+03  0.212519E+03  0.542040E+02  0.136146E+02
    ORGN   365    24  2012     1     1  0.272361E+02  0.918196E+02  0.785380E+02  0.144159E+03  0.149703E+03  0.197339E+03  0.676833E+02  0.226983E+03  0.212438E+03  0.541889E+02  0.136146E+02
    ORGN   365    24  2013     1     1  0.195702E+02  0.940014E+02  0.799722E+02  0.143389E+03  0.148818E+03  0.196795E+03  0.674073E+02  0.226776E+03  0.212089E+03  0.541750E+02  0.136146E+02
    ORGN   365    24  2014     1     1  0.291207E+02  0.954589E+02  0.799854E+02  0.142730E+03  0.148236E+03  0.196341E+03  0.672372E+02  0.226431E+03  0.212048E+03  0.541625E+02  0.136147E+02
    ORGN   365    24  2015     1     1  0.283495E+02  0.102801E+03  0.828066E+02  0.142558E+03  0.147495E+03  0.195868E+03  0.671022E+02  0.226331E+03  0.211709E+03  0.541501E+02  0.136147E+02
    ORGN   365    24  2016     1     1  0.255112E+02  0.843291E+02  0.109546E+03  0.142766E+03  0.146579E+03  0.195197E+03  0.670309E+02  0.226106E+03  0.211737E+03  0.541356E+02  0.136148E+02
    ORGN   365    24  2017     1     1  0.230254E+02  0.878748E+02  0.104023E+03  0.142506E+03  0.145724E+03  0.194529E+03  0.666688E+02  0.225733E+03  0.211321E+03  0.541219E+02  0.136148E+02
    ORGN   365    24  2018     1     1  0.286278E+02  0.900760E+02  0.102141E+03  0.141051E+03  0.144960E+03  0.194048E+03  0.667111E+02  0.225501E+03  0.211276E+03  0.541088E+02  0.136148E+02
    ORGN   365    24  2019     1     1  0.198162E+02  0.913787E+02  0.100985E+03  0.139500E+03  0.143550E+03  0.192905E+03  0.662603E+02  0.224936E+03  0.210745E+03  0.540945E+02  0.136148E+02
    ORGN   365    24  2020     1     1  0.278577E+02  0.949000E+02  0.100613E+03  0.138861E+03  0.142995E+03  0.192744E+03  0.662312E+02  0.224681E+03  0.210599E+03  0.540810E+02  0.136149E+02
    ORGN   365    24  2021     1     1  0.154378E+02  0.962613E+02  0.999287E+02  0.137413E+03  0.141676E+03  0.191704E+03  0.656507E+02  0.224235E+03  0.210024E+03  0.540668E+02  0.136149E+02
    ORGN   365    24  2022     1     1  0.206137E+02  0.943705E+02  0.974052E+02  0.136043E+03  0.140753E+03  0.190971E+03  0.654583E+02  0.223943E+03  0.209549E+03  0.540525E+02  0.136152E+02
