    ORGC   365    24  1995     1     1  0.625657E+03  0.410001E+03  0.859280E+03  0.203925E+04  0.206490E+04  0.203393E+04  0.704002E+03  0.190504E+04  0.177866E+04  0.435766E+03  0.109052E+03
    ORGC   365    24  1996     1     1  0.309672E+03  0.440867E+03  0.882451E+03  0.201343E+04  0.204088E+04  0.201997E+04  0.695109E+03  0.190114E+04  0.176931E+04  0.435720E+03  0.109027E+03
    ORGC   365    24  1997     1     1  0.761967E+03  0.562798E+03  0.898830E+03  0.200876E+04  0.203643E+04  0.201635E+04  0.694480E+03  0.189583E+04  0.176777E+04  0.435698E+03  0.109019E+03
    ORGC   365    24  1998     1     1  0.259892E+03  0.626202E+03  0.916189E+03  0.198233E+04  0.201024E+04  0.200336E+04  0.688044E+03  0.189225E+04  0.176047E+04  0.435657E+03  0.109013E+03
    ORGC   365    24  1999     1     1  0.839270E+03  0.682222E+03  0.918415E+03  0.197057E+04  0.200287E+04  0.200046E+04  0.692034E+03  0.189638E+04  0.176818E+04  0.435606E+03  0.109011E+03
    ORGC   365    24  2000     1     1  0.338291E+03  0.786107E+03  0.968145E+03  0.196264E+04  0.199050E+04  0.199470E+04  0.688475E+03  0.189692E+04  0.176027E+04  0.435577E+03  0.109009E+03
    ORGC   365    24  2001     1     1  0.633524E+03  0.895136E+03  0.979884E+03  0.195486E+04  0.198229E+04  0.199079E+04  0.691056E+03  0.188975E+04  0.176126E+04  0.435555E+03  0.109012E+03
    ORGC   365    24  2002     1     1  0.281755E+03  0.919413E+03  0.100458E+04  0.194323E+04  0.196507E+04  0.198053E+04  0.683500E+03  0.188574E+04  0.175356E+04  0.435510E+03  0.109013E+03
    ORGC   365    24  2003     1     1  0.624168E+03  0.103028E+04  0.102076E+04  0.193900E+04  0.196070E+04  0.197784E+04  0.682627E+03  0.188218E+04  0.175001E+04  0.435458E+03  0.109014E+03
    ORGC   365    24  2004     1     1  0.244265E+03  0.103697E+04  0.102347E+04  0.191801E+04  0.194023E+04  0.196741E+04  0.678314E+03  0.187909E+04  0.174458E+04  0.435380E+03  0.109017E+03
    ORGC   365    24  2005     1     1  0.584277E+03  0.111794E+04  0.103309E+04  0.190572E+04  0.192743E+04  0.196203E+04  0.676261E+03  0.187421E+04  0.174394E+04  0.435296E+03  0.109017E+03
    ORGC   365    24  2006     1     1  0.221780E+03  0.112674E+04  0.103879E+04  0.188657E+04  0.191149E+04  0.195073E+04  0.672283E+03  0.186894E+04  0.173862E+04  0.435205E+03  0.109020E+03
    ORGC   365    24  2007     1     1  0.214864E+03  0.110539E+04  0.102089E+04  0.186960E+04  0.189836E+04  0.194497E+04  0.671655E+03  0.186834E+04  0.173444E+04  0.435111E+03  0.109021E+03
    ORGC   365    24  2008     1     1  0.864349E+03  0.114155E+04  0.102832E+04  0.186679E+04  0.189713E+04  0.194756E+04  0.674973E+03  0.186625E+04  0.173481E+04  0.435024E+03  0.109023E+03
    ORGC   365    24  2009     1     1  0.329093E+03  0.123859E+04  0.105463E+04  0.185506E+04  0.188221E+04  0.194205E+04  0.671516E+03  0.186566E+04  0.173061E+04  0.434937E+03  0.109023E+03
    ORGC   365    24  2010     1     1  0.749425E+03  0.128441E+04  0.105745E+04  0.184432E+04  0.187511E+04  0.193820E+04  0.671214E+03  0.186505E+04  0.173703E+04  0.434840E+03  0.109024E+03
    ORGC   365    24  2011     1     1  0.253486E+03  0.132056E+04  0.107610E+04  0.183088E+04  0.185917E+04  0.192869E+04  0.666751E+03  0.186084E+04  0.173054E+04  0.434761E+03  0.109026E+03
    ORGC   365    24  2012     1     1  0.578481E+03  0.140893E+04  0.109116E+04  0.183058E+04  0.185981E+04  0.193299E+04  0.673971E+03  0.186037E+04  0.173616E+04  0.434661E+03  0.109026E+03
    ORGC   365    24  2013     1     1  0.269799E+03  0.140254E+04  0.110524E+04  0.181698E+04  0.184465E+04  0.192378E+04  0.666811E+03  0.185772E+04  0.172896E+04  0.434581E+03  0.109026E+03
    ORGC   365    24  2014     1     1  0.750885E+03  0.147613E+04  0.112326E+04  0.182072E+04  0.184670E+04  0.192678E+04  0.669076E+03  0.185558E+04  0.173415E+04  0.434507E+03  0.109027E+03
    ORGC   365    24  2015     1     1  0.282970E+03  0.151119E+04  0.115329E+04  0.181424E+04  0.183145E+04  0.191943E+04  0.665888E+03  0.185745E+04  0.172742E+04  0.434438E+03  0.109027E+03
    ORGC   365    24  2016     1     1  0.532057E+03  0.127007E+04  0.159222E+04  0.182687E+04  0.182439E+04  0.191626E+04  0.669535E+03  0.186102E+04  0.173628E+04  0.434349E+03  0.109028E+03
    ORGC   365    24  2017     1     1  0.265888E+03  0.128547E+04  0.146328E+04  0.181773E+04  0.181136E+04  0.190883E+04  0.662160E+03  0.185437E+04  0.172677E+04  0.434278E+03  0.109028E+03
    ORGC   365    24  2018     1     1  0.686742E+03  0.136745E+04  0.144495E+04  0.180387E+04  0.180398E+04  0.190692E+04  0.666927E+03  0.185711E+04  0.173287E+04  0.434209E+03  0.109028E+03
    ORGC   365    24  2019     1     1  0.286690E+03  0.134724E+04  0.142797E+04  0.178498E+04  0.178496E+04  0.189216E+04  0.658885E+03  0.184791E+04  0.172254E+04  0.434133E+03  0.109028E+03
    ORGC   365    24  2020     1     1  0.609741E+03  0.143210E+04  0.142235E+04  0.177799E+04  0.177885E+04  0.189402E+04  0.661500E+03  0.184631E+04  0.172398E+04  0.434057E+03  0.109029E+03
    ORGC   365    24  2021     1     1  0.233760E+03  0.141388E+04  0.140721E+04  0.175753E+04  0.175960E+04  0.188078E+04  0.654731E+03  0.184184E+04  0.171585E+04  0.433971E+03  0.109029E+03
    ORGC   365    24  2022     1     1  0.299549E+03  0.138476E+04  0.137724E+04  0.174397E+04  0.175131E+04  0.187641E+04  0.652805E+03  0.184171E+04  0.171058E+04  0.433874E+03  0.109031E+03
