-0.033,-1.5,0.2,5.33,400,10,1,0,0,0,0,0,0,1,1,1,8,0,2,0
0.01,0.05,0.15,0.25,0.55,0.65,1.35,2.0
1.450000047683715,1.450000047683715,1.450000047683715,1.450000047683715,1.5499999523162842,1.5499999523162842,1.850000023841858,1.850000023841858
0.28899999618530275,0.28899999618530275,0.28899999618530275,0.28899999618530275,0.32,0.32,0.21100000381469727,0.21100000381469727
0.13800000190734862,0.13800000190734862,0.13800000190734862,0.13800000190734862,0.22200000762939454,0.22200000762939454,0.11699999809265137,0.11699999809265137
33.0120002746582,33.0120002746582,33.0120002746582,33.0120002746582,33.0120002746582,33.0120002746582,0.7776000201702097,0.7776000201702097
33.0120002746582,33.0120002746582,33.0120002746582,33.0120002746582,33.0120002746582,33.0120002746582,0.7776000201702097,0.7776000201702097
180.0,180.0,180.0,180.0,190.0,190.0,420.0,420.0
640.0,640.0,640.0,640.0,430.0,430.0,405.0,405.0
0.01,0.01,0.01,0.01,0.0,0.0,0.0,0.0
0,0,0,0,0,0,0,0
6.199999809265137,6.199999809265137,6.199999809265137,6.199999809265137,6.199999809265137,6.199999809265137,8.100000381469727,8.100000381469727
9.800000190734863,9.800000190734863,9.800000190734863,9.800000190734863,20.100000381469727,20.100000381469727,8.199999809265137,8.199999809265137
2.5,2.5,2.5,2.5,2.5,2.5,2.5,2.5
14.499999999999998,14.499999999999998,14.499999999999998,14.499999999999998,4.35,4.35,1.45,1.45
0,0,0,0,0,0,0,0
-1,-1,-1,-1,-1,-1,-1,-1
-1,-1,-1,-1,-1,-1,-1,-1
3,3,3,3,3,3,3,3
12,12,12,12,12,12,12,12
10,10,10,10,10,10,10,10
-1,-1,-1,-1,-1,-1,-1,-1
-1,-1,-1,-1,-1,-1,-1,-1
40,40,40,40,40,40,40,40
120,120,120,120,120,120,120,120
23,23,23,23,23,23,23,23
39,39,39,39,39,39,39,39
48,48,48,48,48,48,48,48
35,35,35,35,35,35,35,35
50,50,50,50,50,50,50,50
50,50,50,50,50,50,50,50
50,50,50,50,50,50,50,50
50,50,50,50,50,50,50,50
1000,1000,1000,1000,1000,1000,1000,1000
2000,2000,2000,2000,2000,2000,2000,2000
0,0,0,0,0,0,0,0
0,0,0,0,0,0,0,0
0.025,0.025,0.025,0.025,0.025,0.025,0.025,0.025
0.25,0.25,0.25,0.25,0.25,0.25,0.25,0.25
0.25,0.25,0.25,0.25,0.25,0.25,0.25,0.25
0.6,0.6,0.6,0.6,0.6,0.6,0.6,0.6
0.16,0.16,0.16,0.16,0.16,0.16,0.16,0.16
3,3,3,3,3,3,3,3
1,1,1,1,1,1,1,1
0,0,0,0,0,0,0,0
45,45,45,45,45,45,45,45
1.5,1.5,1.5,1.5,1.5,1.5,1.5,1.5
0.15,0.15,0.15,0.15,0.15,0.15,0.15,0.15
0,0,0,0,0,0,0,0
0,0,0,0,0,0,0,0
0,0,0,0,0,0,0,0
0,0,0,0,0,0,0,0
0,0,0,0,0,0,0,0
0,0,0,0,0,0,0,0
