 3662004   2 -0.27403008E-002 -0.28874933E-002 -0.31063332E-002 -0.33031305E-002 -0.11267350E-001 -0.10000000E-001 -0.10000000E-001 -0.10000000E-001
 3662004   2 -0.16478506E+001 -0.16473518E+001 -0.16480600E+001 -0.16486348E+001 -0.16530351E+001 -0.12600000E+001 -0.12600000E+001 -0.12600000E+001
 3662004   2  0.16451103E+001  0.16444643E+001  0.16449537E+001  0.16453316E+001  0.16417678E+001  0.12500000E+001  0.12500000E+001  0.12500000E+001
 3662004   2  0.16000000E+004  0.16000000E+004  0.16000000E+004  0.12000000E+004  0.80000000E+003  0.00000000E+000  0.00000000E+000  0.00000000E+000
 3662004   2  0.10040000E+007  0.40160000E+007  0.10040000E+008  0.75300000E+007  0.15060000E+008  0.00000000E+000  0.00000000E+000  0.00000000E+000
 3662004   2  0.32231901E+000  0.60074922E+001  0.37242376E+001  0.20847907E+001  0.77080247E+000  0.00000000E+000  0.00000000E+000  0.00000000E+000
 3662004   2  0.32231901E+002  0.15018730E+003  0.37242376E+002  0.20847907E+002  0.25693416E+001  0.00000000E+000  0.00000000E+000  0.00000000E+000
 3662004   2  0.66655248E-006  0.21872027E-004  0.12042530E-004  0.75865962E-005  0.29571801E-005  0.00000000E+000  0.00000000E+000  0.00000000E+000
 3662004   2  0.59989723E-005  0.19684824E-003  0.10838277E-003  0.68279366E-004  0.26614621E-004  0.00000000E+000  0.00000000E+000  0.00000000E+000
 3662004   2  0.20000000E-003  0.20000000E-003  0.20000000E-003  0.20000000E-003  0.20000000E-003  0.20000000E-003  0.20000000E-003  0.20000000E-003
 3662004   2  0.10000000E-003  0.10000000E-003  0.10000000E-003  0.10000000E-003  0.10000000E-003  0.10000000E-003  0.10000000E-003  0.10000000E-003
 3662004   2  0.20251303E-003  0.41038909E-002  0.27799136E-002  0.16416242E-002  0.62301853E-003  0.00000000E+000  0.00000000E+000  0.00000000E+000
 3662004   2  0.10000000E-002  0.10000000E-002  0.10000000E-002  0.10000000E-002  0.10000000E-002  0.10000000E-002  0.10000000E-002  0.10000000E-002
 3662004   2  0.15878862E-004  0.30899612E-003  0.22382845E-003  0.16052178E-003  0.13586301E-003  0.00000000E+000  0.00000000E+000  0.00000000E+000
 3662004   2 -0.15804797E-004 -0.30743986E-003 -0.22264429E-003 -0.15960567E-003 -0.13512404E-003  0.00000000E+000  0.00000000E+000  0.00000000E+000
 3662004   2  0.15804797E-004  0.30743986E-003  0.22264429E-003  0.15960567E-003  0.13512404E-003  0.00000000E+000  0.00000000E+000  0.00000000E+000
 3662004   2  0.27304529E-006  0.21292655E-004  0.16150495E-004  0.13643810E-004  0.11327908E-004  0.00000000E+000  0.00000000E+000  0.00000000E+000
 3662004   2  0.19067488E-003  0.58176320E-002  0.30938969E-002  0.17900328E-002  0.74726153E-003  0.00000000E+000  0.00000000E+000  0.00000000E+000
 3662004   2  0.61339926E-009  0.14124029E-007  0.47907509E-008  0.15300878E-008  0.17517879E-009  0.00000000E+000  0.00000000E+000  0.00000000E+000
 3662004   2  0.24213281E-009  0.10722962E-007  0.47118473E-008  0.23230945E-008  0.14025166E-008  0.00000000E+000  0.00000000E+000  0.00000000E+000
 3662004   2  0.16258717E-011  0.10769820E-010  0.16575238E-011 -0.16243967E-007 -0.36040485E-007  0.00000000E+000  0.00000000E+000  0.00000000E+000
 3662004   2  0.62502068E-005  0.32128050E-003  0.24045922E-003  0.19915445E-003  0.15866634E-003  0.00000000E+000  0.00000000E+000  0.00000000E+000
 3662004   2  0.82616822E-004  0.25233736E-002  0.13326430E-002  0.76203085E-003  0.31026440E-003  0.00000000E+000  0.00000000E+000  0.00000000E+000
 3662004   2  0.31166885E-009  0.71258910E-008  0.23865864E-008  0.74489988E-009  0.78236470E-010  0.00000000E+000  0.00000000E+000  0.00000000E+000
 3662004   2  0.27900181E-008  0.12095115E-006  0.52427798E-007  0.25307759E-007  0.14639605E-007  0.00000000E+000  0.00000000E+000  0.00000000E+000
 3662004   2  0.47089312E-008  0.43817058E-007  0.63887776E-008  0.17139446E-008  0.80218325E-009  0.00000000E+000  0.00000000E+000  0.00000000E+000
 3662004   2  0.18232736E+000  0.32590036E+001  0.18896190E+001  0.13184939E+001  0.16012164E+001  0.00000000E+000  0.00000000E+000  0.00000000E+000
 3662004   2  0.23724945E+000  0.44682679E+001  0.30489693E+001  0.18534399E+001  0.99660380E+000  0.00000000E+000  0.00000000E+000  0.00000000E+000
 3662004   2  0.11395460E-001  0.20368773E+000  0.11389798E+000  0.64035529E-001  0.35050370E-001  0.00000000E+000  0.00000000E+000  0.00000000E+000
 3662004   2  0.41172881E-004  0.81267012E-003  0.59186513E-003  0.42582973E-003  0.36180281E-003  0.00000000E+000  0.00000000E+000  0.00000000E+000
 3662004   2  0.15818383E-005  0.19911693E-004  0.37533599E-005  0.80576583E-006  0.23556682E-006  0.00000000E+000  0.00000000E+000  0.00000000E+000
 3662004   2  0.18081998E-005  0.34889022E-004  0.25521089E-004  0.14944470E-004  0.37989733E-005  0.00000000E+000  0.00000000E+000  0.00000000E+000
 3662004   2  0.48715647E-006  0.99370642E-005  0.72441299E-005  0.39145743E-005  0.11631275E-005  0.00000000E+000  0.00000000E+000  0.00000000E+000
 3662004   2  0.35927445E-007  0.81917490E-006  0.44973665E-006  0.14232131E-006  0.53065300E-007  0.00000000E+000  0.00000000E+000  0.00000000E+000
 3662004   2  0.11148208E-005  0.14749675E-004  0.29869957E-005  0.67092816E-006  0.22635840E-006  0.00000000E+000  0.00000000E+000  0.00000000E+000
 3662004   2  0.15707996E-005  0.35186066E-004  0.27612456E-004  0.16646726E-004  0.53990885E-005  0.00000000E+000  0.00000000E+000  0.00000000E+000
 3662004   2  0.00000000E+000  0.00000000E+000  0.00000000E+000  0.00000000E+000  0.00000000E+000  0.00000000E+000  0.00000000E+000  0.00000000E+000
 3662004   2  0.00000000E+000  0.00000000E+000  0.00000000E+000  0.00000000E+000  0.00000000E+000  0.00000000E+000  0.00000000E+000  0.00000000E+000
 3662004   2  0.99537112E+000  0.99502954E+000  0.99482991E+000  0.99428007E+000  0.99459453E+000  0.10000000E+001  0.10000000E+001  0.10000000E+001
 3662004   2  0.54922088E-001  0.94075831E+000  0.54664878E+000  0.37574294E+000  0.43579788E+000  0.00000000E+000  0.00000000E+000  0.00000000E+000
 3662004   2  0.24685976E-001  0.44595941E+000  0.25788829E+000  0.17725531E+000  0.20337530E+000  0.00000000E+000  0.00000000E+000  0.00000000E+000
 3662004   2  0.36065733E-002  0.65031781E-001  0.37582917E-001  0.25814099E-001  0.29656818E-001  0.00000000E+000  0.00000000E+000  0.00000000E+000
 3662004   2  0.33100660E+000  0.27929197E+000  0.21363215E+000  0.99292997E-001
 3662004   2  0.70357156E+000  0.58658067E+000  0.43804239E+000  0.17937979E+000
 3662004   2  0.17589289E-001  0.14664517E-001  0.10951060E-001  0.44844947E-002
 3662004   2  0.17589289E-002  0.14664517E-002  0.10951060E-002  0.44844947E-003
 3662004   2  0.25100000E+006  0.10040000E+007  0.25100000E+007  0.25100000E+007  0.75300000E+007  0.00000000E+000  0.00000000E+000  0.00000000E+000
 3662004   2  0.00000000E+000  0.29926429E-001  0.99792128E-001  0.10021340E+000  0.81074638E-001  0.00000000E+000  0.00000000E+000  0.00000000E+000
 3662004   2  0.00000000E+000  0.67700765E-001  0.22575374E+000  0.22670676E+000  0.18341029E+000  0.00000000E+000  0.00000000E+000  0.00000000E+000
 3662004   2  0.00000000E+000  0.16925191E-002  0.56438436E-002  0.56676691E-002  0.45852572E-002  0.00000000E+000  0.00000000E+000  0.00000000E+000
 3662004   2  0.00000000E+000  0.16925191E-003  0.56438436E-003  0.56676691E-003  0.45852572E-003  0.00000000E+000  0.00000000E+000  0.00000000E+000
 3662004   2  0.61358023E-001  0.12834238E+001  0.66379818E+000  0.41108564E+000  0.23035156E+000  0.00000000E+000  0.00000000E+000  0.00000000E+000
 3662004   2  0.15339506E-002  0.32085594E-001  0.16594954E-001  0.10277141E-001  0.57587890E-002  0.00000000E+000  0.00000000E+000  0.00000000E+000
 3662004   2  0.15339506E-003  0.32085594E-002  0.16594954E-002  0.10277141E-002  0.57587890E-003  0.00000000E+000  0.00000000E+000  0.00000000E+000
 3662004   2  0.43390374E+002  0.90771891E+003  0.46948029E+003  0.29074591E+003  0.16291927E+003  0.00000000E+000  0.00000000E+000  0.00000000E+000
 3662004   2  0.25100000E+006  0.10040000E+007  0.25100000E+007  0.25100000E+007  0.75300000E+007  0.00000000E+000  0.00000000E+000  0.00000000E+000
 3662004   2  0.00000000E+000  0.29311284E-001  0.10057215E+000  0.10008740E+000  0.29321142E-001  0.00000000E+000  0.00000000E+000  0.00000000E+000
 3662004   2  0.00000000E+000  0.66309158E-001  0.22751834E+000  0.22642171E+000  0.66331461E-001  0.00000000E+000  0.00000000E+000  0.00000000E+000
 3662004   2  0.00000000E+000  0.16577290E-002  0.56879584E-002  0.56605428E-002  0.16582865E-002  0.00000000E+000  0.00000000E+000  0.00000000E+000
 3662004   2  0.00000000E+000  0.16577290E-003  0.56879584E-003  0.56605428E-003  0.16582865E-003  0.00000000E+000  0.00000000E+000  0.00000000E+000
 3662004   2  0.60366637E-001  0.99673034E+000  0.53445460E+000  0.30272662E+000  0.80712607E-001  0.00000000E+000  0.00000000E+000  0.00000000E+000
 3662004   2  0.15091659E-002  0.24918258E-001  0.13361365E-001  0.75681656E-002  0.20178152E-002  0.00000000E+000  0.00000000E+000  0.00000000E+000
 3662004   2  0.15091659E-003  0.24918258E-002  0.13361365E-002  0.75681656E-003  0.20178152E-003  0.00000000E+000  0.00000000E+000  0.00000000E+000
 3662004   2  0.42689168E+002  0.70495108E+003  0.37800029E+003  0.21410752E+003  0.57085089E+002  0.00000000E+000  0.00000000E+000  0.00000000E+000
 3662004   2  0.25100000E+006  0.10040000E+007  0.25100000E+007  0.25100000E+007  0.00000000E+000  0.00000000E+000  0.00000000E+000  0.00000000E+000
 3662004   2  0.00000000E+000  0.29724846E-001  0.10020188E+000  0.63705421E-001  0.00000000E+000  0.00000000E+000  0.00000000E+000  0.00000000E+000
 3662004   2  0.00000000E+000  0.67244735E-001  0.22668071E+000  0.14411695E+000  0.00000000E+000  0.00000000E+000  0.00000000E+000  0.00000000E+000
 3662004   2  0.00000000E+000  0.16811184E-002  0.56670177E-002  0.36029238E-002  0.00000000E+000  0.00000000E+000  0.00000000E+000  0.00000000E+000
 3662004   2  0.00000000E+000  0.16811184E-003  0.56670177E-003  0.36029238E-003  0.00000000E+000  0.00000000E+000  0.00000000E+000  0.00000000E+000
 3662004   2  0.43646556E-001  0.71811263E+000  0.39203178E+000  0.16663925E+000  0.00000000E+000  0.00000000E+000  0.00000000E+000  0.00000000E+000
 3662004   2  0.10911639E-002  0.17952816E-001  0.98007945E-002  0.41659812E-002  0.00000000E+000  0.00000000E+000  0.00000000E+000  0.00000000E+000
 3662004   2  0.10911639E-003  0.17952816E-002  0.98007945E-003  0.41659812E-003  0.00000000E+000  0.00000000E+000  0.00000000E+000  0.00000000E+000
 3662004   2  0.30863077E+002  0.50789492E+003  0.27726981E+003  0.11785787E+003  0.00000000E+000  0.00000000E+000  0.00000000E+000  0.00000000E+000
 3662004   2  0.25100000E+006  0.10040000E+007  0.25100000E+007  0.00000000E+000  0.00000000E+000  0.00000000E+000  0.00000000E+000  0.00000000E+000
 3662004   2  0.00000000E+000  0.29727748E-001  0.49565249E-001  0.00000000E+000  0.00000000E+000  0.00000000E+000  0.00000000E+000  0.00000000E+000
 3662004   2  0.00000000E+000  0.67251301E-001  0.11212849E+000  0.00000000E+000  0.00000000E+000  0.00000000E+000  0.00000000E+000  0.00000000E+000
 3662004   2  0.00000000E+000  0.16812825E-002  0.28032122E-002  0.00000000E+000  0.00000000E+000  0.00000000E+000  0.00000000E+000  0.00000000E+000
 3662004   2  0.00000000E+000  0.16812825E-003  0.28032122E-003  0.00000000E+000  0.00000000E+000  0.00000000E+000  0.00000000E+000  0.00000000E+000
 3662004   2  0.16956148E-001  0.26073687E+000  0.11995464E+000  0.00000000E+000  0.00000000E+000  0.00000000E+000  0.00000000E+000  0.00000000E+000
 3662004   2  0.42390371E-003  0.65184216E-002  0.29988659E-002  0.00000000E+000  0.00000000E+000  0.00000000E+000  0.00000000E+000  0.00000000E+000
 3662004   2  0.42390371E-004  0.65184216E-003  0.29988659E-003  0.00000000E+000  0.00000000E+000  0.00000000E+000  0.00000000E+000  0.00000000E+000
 3662004   2  0.11984985E+002  0.18440969E+003  0.84839547E+002  0.00000000E+000  0.00000000E+000  0.00000000E+000  0.00000000E+000  0.00000000E+000
 3662004   2 -0.27403025E-002 -0.28874948E-002 -0.31063346E-002 -0.33031310E-002 -0.11267363E-001 -0.10000000E-001 -0.10000000E-001 -0.10000000E-001
 3662004   2 -0.16847947E+001 -0.16723932E+001 -0.16359420E+001 -0.16467159E+001 -0.16785304E+001 -0.12600000E+001 -0.12600000E+001 -0.12600000E+001
 3662004   2  0.16820544E+001  0.16695057E+001  0.16328356E+001  0.16434128E+001  0.16672630E+001  0.12500000E+001  0.12500000E+001  0.12500000E+001
 3662004   2  0.00000000E+000  0.00000000E+000  0.00000000E+000  0.00000000E+000  0.00000000E+000  0.00000000E+000  0.00000000E+000  0.00000000E+000
 3662004   2  0.10040000E+007  0.40160000E+007  0.10040000E+008  0.75300000E+007  0.15060000E+008  0.00000000E+000  0.00000000E+000  0.00000000E+000
 3662004   2  0.67440570E-001  0.36867846E+002  0.11441283E+003  0.48130868E+002  0.19644928E+002  0.00000000E+000  0.00000000E+000  0.00000000E+000
 3662004   2  0.67440570E+001  0.92169615E+003  0.11441283E+004  0.48130868E+003  0.65483094E+002  0.00000000E+000  0.00000000E+000  0.00000000E+000
 3662004   2  0.35684330E-009  0.19339349E-006  0.58698008E-006  0.24852869E-006  0.10291075E-006  0.00000000E+000  0.00000000E+000  0.00000000E+000
 3662004   2  0.32115897E-008  0.17405414E-005  0.52828207E-005  0.22367582E-005  0.92619676E-006  0.00000000E+000  0.00000000E+000  0.00000000E+000
 3662004   2  0.50000000E-005  0.50000000E-005  0.50000000E-005  0.50000000E-005  0.50000000E-005  0.50000000E-005  0.50000000E-005  0.50000000E-005
 3662004   2  0.50000000E-005  0.50000000E-005  0.50000000E-005  0.50000000E-005  0.50000000E-005  0.50000000E-005  0.50000000E-005  0.50000000E-005
 3662004   2  0.21186455E-005  0.11582034E-002  0.35942789E-002  0.15120312E-002  0.61714542E-003  0.00000000E+000  0.00000000E+000  0.00000000E+000
 3662004   2  0.10000000E-002  0.36720962E-002  0.45582799E-002  0.25567526E-002  0.10000000E-002  0.10000000E-002  0.10000000E-002  0.10000000E-002
 3662004   2  0.53811570E-006  0.36512310E-004  0.81020536E-004  0.41057870E-004  0.35583038E-004  0.00000000E+000  0.00000000E+000  0.00000000E+000
 3662004   2 -0.88143557E-008 -0.36324687E-004 -0.80618767E-004 -0.40833649E-004 -0.35396475E-004  0.00000000E+000  0.00000000E+000  0.00000000E+000
 3662004   2  0.88143557E-008  0.36324687E-004  0.80618767E-004  0.40833649E-004  0.35396475E-004  0.00000000E+000  0.00000000E+000  0.00000000E+000
 3662004   2  0.00000000E+000  0.00000000E+000  0.00000000E+000  0.00000000E+000  0.00000000E+000  0.00000000E+000  0.00000000E+000  0.00000000E+000
 3662004   2  0.00000000E+000  0.00000000E+000  0.00000000E+000  0.00000000E+000  0.00000000E+000  0.00000000E+000  0.00000000E+000  0.00000000E+000
 3662004   2  0.00000000E+000  0.00000000E+000  0.00000000E+000  0.00000000E+000  0.00000000E+000  0.00000000E+000  0.00000000E+000  0.00000000E+000
 3662004   2  0.00000000E+000  0.00000000E+000  0.00000000E+000  0.00000000E+000  0.00000000E+000  0.00000000E+000  0.00000000E+000  0.00000000E+000
 3662004   2  0.00000000E+000  0.00000000E+000  0.00000000E+000  0.00000000E+000  0.00000000E+000  0.00000000E+000  0.00000000E+000  0.00000000E+000
 3662004   2  0.38472327E-007  0.28929237E-005  0.10020239E-004  0.54988588E-005  0.54654736E-005  0.00000000E+000  0.00000000E+000  0.00000000E+000
 3662004   2  0.00000000E+000  0.00000000E+000  0.00000000E+000  0.00000000E+000  0.00000000E+000  0.00000000E+000  0.00000000E+000  0.00000000E+000
 3662004   2  0.00000000E+000  0.00000000E+000  0.00000000E+000  0.00000000E+000  0.00000000E+000  0.00000000E+000  0.00000000E+000  0.00000000E+000
 3662004   2  0.00000000E+000  0.00000000E+000  0.00000000E+000  0.00000000E+000  0.00000000E+000  0.00000000E+000  0.00000000E+000  0.00000000E+000
 3662004   2  0.00000000E+000  0.00000000E+000  0.00000000E+000  0.00000000E+000  0.00000000E+000  0.00000000E+000  0.00000000E+000  0.00000000E+000
 3662004   2  0.95466284E-004  0.52127447E-001  0.16176830E+000  0.68052235E-001  0.27775964E-001  0.00000000E+000  0.00000000E+000  0.00000000E+000
 3662004   2  0.27349030E-002  0.97913771E-001  0.19513649E+000  0.85926846E-001  0.48653569E-001  0.00000000E+000  0.00000000E+000  0.00000000E+000
 3662004   2  0.59666427E-005  0.32579655E-002  0.10110518E-001  0.42532647E-002  0.17359977E-002  0.00000000E+000  0.00000000E+000  0.00000000E+000
 3662004   2  0.14148104E-005  0.96118852E-004  0.21379474E-003  0.10888741E-003  0.94829444E-004  0.00000000E+000  0.00000000E+000  0.00000000E+000
 3662004   2  0.25062196E-009  0.55194836E-005  0.49873709E-005  0.96055390E-006  0.64534091E-006  0.00000000E+000  0.00000000E+000  0.00000000E+000
 3662004   2  0.28521075E-009  0.95008801E-005  0.31815441E-004  0.16580466E-004  0.10260167E-004  0.00000000E+000  0.00000000E+000  0.00000000E+000
 3662004   2  0.76249455E-010  0.27086060E-005  0.90558825E-005  0.43707488E-005  0.31504356E-005  0.00000000E+000  0.00000000E+000  0.00000000E+000
 3662004   2  0.56266126E-011  0.22333537E-006  0.56282840E-006  0.15914805E-006  0.14377459E-006  0.00000000E+000  0.00000000E+000  0.00000000E+000
 3662004   2  0.17663028E-009  0.40930982E-005  0.39705818E-005  0.79980628E-006  0.62013837E-006  0.00000000E+000  0.00000000E+000  0.00000000E+000
 3662004   2  0.24777182E-009  0.95819533E-005  0.34424072E-004  0.18470584E-004  0.14581732E-004  0.00000000E+000  0.00000000E+000  0.00000000E+000
 3662004   2  0.00000000E+000  0.00000000E+000  0.00000000E+000  0.00000000E+000  0.00000000E+000  0.00000000E+000  0.00000000E+000  0.00000000E+000
 3662004   2  0.00000000E+000  0.00000000E+000  0.00000000E+000  0.00000000E+000  0.00000000E+000  0.00000000E+000  0.00000000E+000  0.00000000E+000
 3662004   2  0.15877675E-001  0.99486379E+000  0.99504562E+000  0.99454569E+000  0.99476205E+000  0.10000000E+001  0.10000000E+001  0.10000000E+001
 3662004   2  0.26394367E-002  0.45786324E-001  0.33368192E-001  0.17874611E-001  0.20877605E-001  0.00000000E+000  0.00000000E+000  0.00000000E+000
 3662004   2  0.12676421E-002  0.22623550E-001  0.17116111E-001  0.90984546E-002  0.10284126E-001  0.00000000E+000  0.00000000E+000  0.00000000E+000
 3662004   2  0.18636916E-003  0.32915941E-002  0.24818262E-002  0.13161726E-002  0.14930606E-002  0.00000000E+000  0.00000000E+000  0.00000000E+000
 3662004   2  0.20000000E-001  0.20000000E-001  0.20000000E-001  0.20000000E-001
 3662004   2  0.00000000E+000  0.00000000E+000  0.00000000E+000  0.00000000E+000
 3662004   2  0.00000000E+000  0.00000000E+000  0.00000000E+000  0.00000000E+000
 3662004   2  0.00000000E+000  0.00000000E+000  0.00000000E+000  0.00000000E+000
 3662004   2  0.25100000E+006  0.10040000E+007  0.25100000E+007  0.25100000E+007  0.75300000E+007  0.00000000E+000  0.00000000E+000  0.00000000E+000
 3662004   2  0.00000000E+000  0.00000000E+000  0.00000000E+000  0.00000000E+000  0.00000000E+000  0.00000000E+000  0.00000000E+000  0.00000000E+000
 3662004   2  0.00000000E+000  0.00000000E+000  0.00000000E+000  0.00000000E+000  0.00000000E+000  0.00000000E+000  0.00000000E+000  0.00000000E+000
 3662004   2  0.00000000E+000  0.00000000E+000  0.00000000E+000  0.00000000E+000  0.00000000E+000  0.00000000E+000  0.00000000E+000  0.00000000E+000
 3662004   2  0.00000000E+000  0.00000000E+000  0.00000000E+000  0.00000000E+000  0.00000000E+000  0.00000000E+000  0.00000000E+000  0.00000000E+000
 3662004   2  0.62338019E-004  0.13557937E-001  0.70385395E-001  0.33602050E-001  0.20613264E-001  0.00000000E+000  0.00000000E+000  0.00000000E+000
 3662004   2  0.15584505E-005  0.33894843E-003  0.17596349E-002  0.84005124E-003  0.51533160E-003  0.00000000E+000  0.00000000E+000  0.00000000E+000
 3662004   2  0.15584505E-006  0.33894843E-004  0.17596349E-003  0.84005124E-004  0.51533160E-004  0.00000000E+000  0.00000000E+000  0.00000000E+000
 3662004   2  0.17628346E+002  0.38356142E+004  0.19912411E+005  0.95062026E+004  0.58316045E+004  0.00000000E+000  0.00000000E+000  0.00000000E+000
 3662004   2  0.25100000E+006  0.10040000E+007  0.25100000E+007  0.25100000E+007  0.75300000E+007  0.00000000E+000  0.00000000E+000  0.00000000E+000
 3662004   2  0.00000000E+000  0.00000000E+000  0.00000000E+000  0.00000000E+000  0.00000000E+000  0.00000000E+000  0.00000000E+000  0.00000000E+000
 3662004   2  0.00000000E+000  0.00000000E+000  0.00000000E+000  0.00000000E+000  0.00000000E+000  0.00000000E+000  0.00000000E+000  0.00000000E+000
 3662004   2  0.00000000E+000  0.00000000E+000  0.00000000E+000  0.00000000E+000  0.00000000E+000  0.00000000E+000  0.00000000E+000  0.00000000E+000
 3662004   2  0.00000000E+000  0.00000000E+000  0.00000000E+000  0.00000000E+000  0.00000000E+000  0.00000000E+000  0.00000000E+000  0.00000000E+000
 3662004   2  0.15554755E-004  0.13530987E-001  0.54580795E-001  0.23346549E-001  0.71626998E-002  0.00000000E+000  0.00000000E+000  0.00000000E+000
 3662004   2  0.38886887E-006  0.33827468E-003  0.13645199E-002  0.58366373E-003  0.17906750E-003  0.00000000E+000  0.00000000E+000  0.00000000E+000
 3662004   2  0.38886887E-007  0.33827468E-004  0.13645199E-003  0.58366373E-004  0.17906750E-004  0.00000000E+000  0.00000000E+000  0.00000000E+000
 3662004   2  0.43924894E+001  0.38279899E+004  0.15441204E+005  0.66048657E+004  0.20263667E+004  0.00000000E+000  0.00000000E+000  0.00000000E+000
 3662004   2  0.25100000E+006  0.10040000E+007  0.25100000E+007  0.25100000E+007  0.00000000E+000  0.00000000E+000  0.00000000E+000  0.00000000E+000
 3662004   2  0.00000000E+000  0.00000000E+000  0.00000000E+000  0.00000000E+000  0.00000000E+000  0.00000000E+000  0.00000000E+000  0.00000000E+000
 3662004   2  0.00000000E+000  0.00000000E+000  0.00000000E+000  0.00000000E+000  0.00000000E+000  0.00000000E+000  0.00000000E+000  0.00000000E+000
 3662004   2  0.00000000E+000  0.00000000E+000  0.00000000E+000  0.00000000E+000  0.00000000E+000  0.00000000E+000  0.00000000E+000  0.00000000E+000
 3662004   2  0.00000000E+000  0.00000000E+000  0.00000000E+000  0.00000000E+000  0.00000000E+000  0.00000000E+000  0.00000000E+000  0.00000000E+000
 3662004   2  0.11064450E-004  0.13491321E-001  0.29022426E-001  0.11103636E-001  0.00000000E+000  0.00000000E+000  0.00000000E+000  0.00000000E+000
 3662004   2  0.27661125E-006  0.33728301E-003  0.72556065E-003  0.27759090E-003  0.00000000E+000  0.00000000E+000  0.00000000E+000  0.00000000E+000
 3662004   2  0.27661125E-007  0.33728301E-004  0.72556065E-004  0.27759090E-004  0.00000000E+000  0.00000000E+000  0.00000000E+000  0.00000000E+000
 3662004   2  0.31220985E+001  0.38167680E+004  0.82106022E+004  0.31412790E+004  0.00000000E+000  0.00000000E+000  0.00000000E+000  0.00000000E+000
 3662004   2  0.25100000E+006  0.10040000E+007  0.25100000E+007  0.00000000E+000  0.00000000E+000  0.00000000E+000  0.00000000E+000  0.00000000E+000
 3662004   2  0.00000000E+000  0.00000000E+000  0.00000000E+000  0.00000000E+000  0.00000000E+000  0.00000000E+000  0.00000000E+000  0.00000000E+000
 3662004   2  0.00000000E+000  0.00000000E+000  0.00000000E+000  0.00000000E+000  0.00000000E+000  0.00000000E+000  0.00000000E+000  0.00000000E+000
 3662004   2  0.00000000E+000  0.00000000E+000  0.00000000E+000  0.00000000E+000  0.00000000E+000  0.00000000E+000  0.00000000E+000  0.00000000E+000
 3662004   2  0.00000000E+000  0.00000000E+000  0.00000000E+000  0.00000000E+000  0.00000000E+000  0.00000000E+000  0.00000000E+000  0.00000000E+000
 3662004   2  0.65090598E-005  0.11547202E-001  0.77796789E-002  0.00000000E+000  0.00000000E+000  0.00000000E+000  0.00000000E+000  0.00000000E+000
 3662004   2  0.16272650E-006  0.28868006E-003  0.19449197E-003  0.00000000E+000  0.00000000E+000  0.00000000E+000  0.00000000E+000  0.00000000E+000
 3662004   2  0.16272650E-007  0.28868006E-004  0.19449197E-004  0.00000000E+000  0.00000000E+000  0.00000000E+000  0.00000000E+000  0.00000000E+000
 3662004   2  0.18332938E+001  0.32667663E+004  0.22009135E+004  0.00000000E+000  0.00000000E+000  0.00000000E+000  0.00000000E+000  0.00000000E+000
 3662004   2  0.00000000E+000  0.00000000E+000  0.00000000E+000  0.00000000E+000  0.00000000E+000  0.00000000E+000  0.00000000E+000  0.00000000E+000
 3662004   2  0.00000000E+000  0.00000000E+000  0.00000000E+000  0.00000000E+000  0.00000000E+000  0.00000000E+000  0.00000000E+000  0.00000000E+000
 3662004   2  0.00000000E+000  0.00000000E+000  0.00000000E+000  0.00000000E+000  0.00000000E+000  0.00000000E+000  0.00000000E+000  0.00000000E+000
 3662004   2  0.00000000E+000  0.00000000E+000  0.00000000E+000  0.00000000E+000  0.00000000E+000  0.00000000E+000  0.00000000E+000  0.00000000E+000
 3662004   2  0.00000000E+000  0.00000000E+000  0.00000000E+000  0.00000000E+000  0.00000000E+000  0.00000000E+000  0.00000000E+000  0.00000000E+000
 3662004   2  0.00000000E+000  0.00000000E+000  0.00000000E+000  0.00000000E+000  0.00000000E+000  0.00000000E+000  0.00000000E+000  0.00000000E+000
 3652019   2 -0.83181444E-002 -0.11764186E-002 -0.66037668E-002 -0.69352974E-002 -0.71727984E-002 -0.10000000E-001 -0.10000000E-001 -0.10000000E-001
 3652019   2 -0.16586365E+001 -0.16504196E+001 -0.16538497E+001 -0.16545351E+001 -0.16536108E+001 -0.12600000E+001 -0.12600000E+001 -0.12600000E+001
 3652019   2  0.16503184E+001  0.16492432E+001  0.16472459E+001  0.16475998E+001  0.16464380E+001  0.12500000E+001  0.12500000E+001  0.12500000E+001
 3652019   2  0.16000000E+004  0.16000000E+004  0.12000000E+004  0.80000000E+003  0.80000000E+003  0.00000000E+000  0.00000000E+000  0.00000000E+000
 3652019   2  0.10040000E+007  0.40160000E+007  0.75300000E+007  0.50200000E+007  0.15060000E+008  0.00000000E+000  0.00000000E+000  0.00000000E+000
 3652019   2  0.15859357E+000  0.41879117E+001  0.40148315E+001  0.20866875E+001  0.18621855E+001  0.00000000E+000  0.00000000E+000  0.00000000E+000
 3652019   2  0.15859357E+002  0.10469779E+003  0.40148315E+002  0.20866875E+002  0.62072849E+001  0.00000000E+000  0.00000000E+000  0.00000000E+000
 3652019   2  0.32894211E-006  0.17793009E-004  0.11795315E-004  0.68068687E-005  0.71385736E-005  0.00000000E+000  0.00000000E+000  0.00000000E+000
 3652019   2  0.29604790E-005  0.16013708E-003  0.10615784E-003  0.61261818E-004  0.64247163E-004  0.00000000E+000  0.00000000E+000  0.00000000E+000
 3652019   2  0.20000000E-003  0.20000000E-003  0.20000000E-003  0.20000000E-003  0.20000000E-003  0.20000000E-003  0.20000000E-003  0.20000000E-003
 3652019   2  0.10000000E-003  0.10000000E-003  0.10000000E-003  0.10000000E-003  0.10000000E-003  0.10000000E-003  0.10000000E-003  0.10000000E-003
 3652019   2  0.99644338E-004  0.29255106E-002  0.28749272E-002  0.15624984E-002  0.15025205E-002  0.00000000E+000  0.00000000E+000  0.00000000E+000
 3652019   2  0.10000000E-002  0.10000000E-002  0.10000000E-002  0.10000000E-002  0.10000000E-002  0.10000000E-002  0.10000000E-002  0.10000000E-002
 3652019   2  0.22150720E-004  0.65550155E-003  0.77406933E-003  0.50800848E-003  0.68349094E-003  0.00000000E+000  0.00000000E+000  0.00000000E+000
 3652019   2 -0.22046374E-004 -0.65164201E-003 -0.76961197E-003 -0.50490962E-003 -0.67904497E-003  0.00000000E+000  0.00000000E+000  0.00000000E+000
 3652019   2  0.22046374E-004  0.65164201E-003  0.76961197E-003  0.50490962E-003  0.67904497E-003  0.00000000E+000  0.00000000E+000  0.00000000E+000
 3652019   2  0.19935772E-006  0.82118898E-004  0.33940648E-004  0.22268252E-004  0.30769515E-004  0.00000000E+000  0.00000000E+000  0.00000000E+000
 3652019   2  0.98702327E-004  0.43090467E-002  0.29952089E-002  0.16502308E-002  0.16294988E-002  0.00000000E+000  0.00000000E+000  0.00000000E+000
 3652019   2  0.31784807E-009  0.82588110E-008  0.29249789E-008  0.10851222E-008  0.26794466E-009  0.00000000E+000  0.00000000E+000  0.00000000E+000
 3652019   2  0.12556472E-009  0.21802592E-007  0.84234613E-008  0.50528134E-008  0.45665444E-008  0.00000000E+000  0.00000000E+000  0.00000000E+000
 3652019   2  0.78385220E-012  0.34106537E-011  0.99920078E-012 -0.25000111E-007 -0.42458321E-007  0.00000000E+000  0.00000000E+000  0.00000000E+000
 3652019   2  0.63559599E-005  0.11318324E-002  0.45434365E-003  0.29080296E-003  0.38379632E-003  0.00000000E+000  0.00000000E+000  0.00000000E+000
 3652019   2  0.40202485E-004  0.17594415E-002  0.12109715E-002  0.65776699E-003  0.63204547E-003  0.00000000E+000  0.00000000E+000  0.00000000E+000
 3652019   2  0.15208280E-009  0.38391452E-008  0.13399932E-008  0.48898892E-009  0.11349422E-009  0.00000000E+000  0.00000000E+000  0.00000000E+000
 3652019   2  0.13484265E-008  0.22347081E-006  0.84047727E-007  0.49132363E-007  0.42303576E-007  0.00000000E+000  0.00000000E+000  0.00000000E+000
 3652019   2  0.71637488E-009  0.11851481E-007  0.35346942E-008  0.13709465E-008  0.12660510E-008  0.00000000E+000  0.00000000E+000  0.00000000E+000
 3652019   2  0.89694178E-001  0.22659707E+001  0.22008565E+001  0.95382161E+000  0.23929519E+001  0.00000000E+000  0.00000000E+000  0.00000000E+000
 3652019   2  0.12017115E+000  0.31232033E+001  0.32068435E+001  0.16631563E+001  0.19646834E+001  0.00000000E+000  0.00000000E+000  0.00000000E+000
 3652019   2  0.56058861E-002  0.14162317E+000  0.13333495E+000  0.59613851E-001  0.84530227E-001  0.00000000E+000  0.00000000E+000  0.00000000E+000
 3652019   2  0.72389564E-004  0.19370901E-002  0.20694384E-002  0.13549554E-002  0.18374721E-002  0.00000000E+000  0.00000000E+000  0.00000000E+000
 3652019   2  0.83332367E-006  0.16849837E-004  0.67646814E-005  0.20649720E-005  0.18381352E-005  0.00000000E+000  0.00000000E+000  0.00000000E+000
 3652019   2  0.28711512E-005  0.87423545E-004  0.12894472E-003  0.84294465E-004  0.94453177E-004  0.00000000E+000  0.00000000E+000  0.00000000E+000
 3652019   2  0.73080353E-006  0.24341268E-004  0.26910546E-004  0.16711589E-004  0.14510119E-004  0.00000000E+000  0.00000000E+000  0.00000000E+000
 3652019   2  0.60143727E-007  0.20225159E-005  0.18602264E-005  0.81624067E-006  0.65143780E-006  0.00000000E+000  0.00000000E+000  0.00000000E+000
 3652019   2  0.52760326E-006  0.11349216E-004  0.30151681E-005  0.87858972E-006  0.28633623E-006  0.00000000E+000  0.00000000E+000  0.00000000E+000
 3652019   2  0.21887668E-005  0.80603512E-004  0.64987902E-004  0.43486669E-004  0.18079398E-004  0.00000000E+000  0.00000000E+000  0.00000000E+000
 3652019   2  0.00000000E+000  0.00000000E+000  0.00000000E+000  0.00000000E+000  0.00000000E+000  0.00000000E+000  0.00000000E+000  0.00000000E+000
 3652019   2  0.00000000E+000  0.00000000E+000  0.00000000E+000  0.00000000E+000  0.00000000E+000  0.00000000E+000  0.00000000E+000  0.00000000E+000
 3652019   2  0.99529241E+000  0.99414907E+000  0.99442037E+000  0.99407473E+000  0.99353271E+000  0.10000000E+001  0.10000000E+001  0.10000000E+001
 3652019   2  0.30476972E-001  0.65640480E+000  0.61899721E+000  0.25668398E+000  0.61219981E+000  0.00000000E+000  0.00000000E+000  0.00000000E+000
 3652019   2  0.13129349E-001  0.28761613E+000  0.28378594E+000  0.12627142E+000  0.27089224E+000  0.00000000E+000  0.00000000E+000  0.00000000E+000
 3652019   2  0.18725330E-002  0.40855563E-001  0.40416394E-001  0.17843069E-001  0.38383027E-001  0.00000000E+000  0.00000000E+000  0.00000000E+000
 3652019   2  0.48341355E+000  0.28112512E+000  0.12938120E+000  0.21953754E-001
 3652019   2  0.10483527E+001  0.59072769E+000  0.24744653E+000  0.44198599E-002
 3652019   2  0.26208817E-001  0.14768192E-001  0.61861633E-002  0.11049650E-003
 3652019   2  0.26208817E-002  0.14768192E-002  0.61861633E-003  0.11049650E-004
 3652019   2  0.25100000E+006  0.10040000E+007  0.25100000E+007  0.25100000E+007  0.75300000E+007  0.00000000E+000  0.00000000E+000  0.00000000E+000
 3652019   2  0.00000000E+000  0.29641021E-001  0.10030503E+000  0.99994872E-001  0.23347262E+000  0.00000000E+000  0.00000000E+000  0.00000000E+000
 3652019   2  0.00000000E+000  0.67055103E-001  0.22691405E+000  0.22621240E+000  0.52817110E+000  0.00000000E+000  0.00000000E+000  0.00000000E+000
 3652019   2  0.00000000E+000  0.16763776E-002  0.56728513E-002  0.56553100E-002  0.13204278E-001  0.00000000E+000  0.00000000E+000  0.00000000E+000
 3652019   2  0.00000000E+000  0.16763776E-003  0.56728513E-003  0.56553100E-003  0.13204278E-002  0.00000000E+000  0.00000000E+000  0.00000000E+000
 3652019   2  0.38907293E-001  0.12798090E+001  0.11297978E+001  0.63511171E+000  0.67516584E+000  0.00000000E+000  0.00000000E+000  0.00000000E+000
 3652019   2  0.97268231E-003  0.31995225E-001  0.28244946E-001  0.15877793E-001  0.16879146E-001  0.00000000E+000  0.00000000E+000  0.00000000E+000
 3652019   2  0.97268231E-004  0.31995225E-002  0.28244946E-002  0.15877793E-002  0.16879146E-002  0.00000000E+000  0.00000000E+000  0.00000000E+000
 3652019   2  0.27517712E+002  0.90516231E+003  0.79906487E+003  0.44919139E+003  0.47752022E+003  0.00000000E+000  0.00000000E+000  0.00000000E+000
 3652019   2  0.25100000E+006  0.10040000E+007  0.25100000E+007  0.25100000E+007  0.75300000E+007  0.00000000E+000  0.00000000E+000  0.00000000E+000
 3652019   2  0.00000000E+000  0.29296386E-001  0.10059629E+000  0.10009475E+000  0.31137695E-001  0.00000000E+000  0.00000000E+000  0.00000000E+000
 3652019   2  0.00000000E+000  0.66275456E-001  0.22757295E+000  0.22643835E+000  0.70440940E-001  0.00000000E+000  0.00000000E+000  0.00000000E+000
 3652019   2  0.00000000E+000  0.16568864E-002  0.56893237E-002  0.56609588E-002  0.17610235E-002  0.00000000E+000  0.00000000E+000  0.00000000E+000
 3652019   2  0.00000000E+000  0.16568864E-003  0.56893237E-003  0.56609588E-003  0.17610235E-003  0.00000000E+000  0.00000000E+000  0.00000000E+000
 3652019   2  0.36837113E-001  0.69240700E+000  0.62550553E+000  0.31870991E+000  0.78705747E-001  0.00000000E+000  0.00000000E+000  0.00000000E+000
 3652019   2  0.92092782E-003  0.17310175E-001  0.15637638E-001  0.79677477E-002  0.19676437E-002  0.00000000E+000  0.00000000E+000  0.00000000E+000
 3652019   2  0.92092782E-004  0.17310175E-002  0.15637638E-002  0.79677477E-003  0.19676437E-003  0.00000000E+000  0.00000000E+000  0.00000000E+000
 3652019   2  0.26053549E+002  0.48971427E+003  0.44239729E+003  0.22541192E+003  0.55665709E+002  0.00000000E+000  0.00000000E+000  0.00000000E+000
 3652019   2  0.25100000E+006  0.10040000E+007  0.25100000E+007  0.00000000E+000  0.00000000E+000  0.00000000E+000  0.00000000E+000  0.00000000E+000
 3652019   2  0.00000000E+000  0.29836457E-001  0.79544745E-001  0.00000000E+000  0.00000000E+000  0.00000000E+000  0.00000000E+000  0.00000000E+000
 3652019   2  0.00000000E+000  0.67497226E-001  0.17994930E+000  0.00000000E+000  0.00000000E+000  0.00000000E+000  0.00000000E+000  0.00000000E+000
 3652019   2  0.00000000E+000  0.16874307E-002  0.44987326E-002  0.00000000E+000  0.00000000E+000  0.00000000E+000  0.00000000E+000  0.00000000E+000
 3652019   2  0.00000000E+000  0.16874307E-003  0.44987326E-003  0.00000000E+000  0.00000000E+000  0.00000000E+000  0.00000000E+000  0.00000000E+000
 3652019   2  0.13761788E-001  0.28545343E+000  0.19810661E+000  0.00000000E+000  0.00000000E+000  0.00000000E+000  0.00000000E+000  0.00000000E+000
 3652019   2  0.34404471E-003  0.71363357E-002  0.49526653E-002  0.00000000E+000  0.00000000E+000  0.00000000E+000  0.00000000E+000  0.00000000E+000
 3652019   2  0.34404471E-004  0.71363357E-003  0.49526653E-003  0.00000000E+000  0.00000000E+000  0.00000000E+000  0.00000000E+000  0.00000000E+000
 3652019   2  0.97332118E+001  0.20189082E+003  0.14011359E+003  0.00000000E+000  0.00000000E+000  0.00000000E+000  0.00000000E+000  0.00000000E+000
 3652019   2  0.25100000E+006  0.10040000E+007  0.00000000E+000  0.00000000E+000  0.00000000E+000  0.00000000E+000  0.00000000E+000  0.00000000E+000
 3652019   2  0.00000000E+000  0.19537538E-002  0.00000000E+000  0.00000000E+000  0.00000000E+000  0.00000000E+000  0.00000000E+000  0.00000000E+000
 3652019   2  0.00000000E+000  0.44198599E-002  0.00000000E+000  0.00000000E+000  0.00000000E+000  0.00000000E+000  0.00000000E+000  0.00000000E+000
 3652019   2  0.00000000E+000  0.11049650E-003  0.00000000E+000  0.00000000E+000  0.00000000E+000  0.00000000E+000  0.00000000E+000  0.00000000E+000
 3652019   2  0.00000000E+000  0.11049650E-004  0.00000000E+000  0.00000000E+000  0.00000000E+000  0.00000000E+000  0.00000000E+000  0.00000000E+000
 3652019   2  0.18798449E-003  0.38814123E-002  0.00000000E+000  0.00000000E+000  0.00000000E+000  0.00000000E+000  0.00000000E+000  0.00000000E+000
 3652019   2  0.46996122E-005  0.97035307E-004  0.00000000E+000  0.00000000E+000  0.00000000E+000  0.00000000E+000  0.00000000E+000  0.00000000E+000
 3652019   2  0.46996122E-006  0.97035307E-005  0.00000000E+000  0.00000000E+000  0.00000000E+000  0.00000000E+000  0.00000000E+000  0.00000000E+000
 3652019   2  0.13295459E+000  0.27451816E+001  0.00000000E+000  0.00000000E+000  0.00000000E+000  0.00000000E+000  0.00000000E+000  0.00000000E+000
 3652019   2 -0.83181451E-002 -0.11764185E-002 -0.66037736E-002 -0.69353033E-002 -0.71727995E-002 -0.10000000E-001 -0.10000000E-001 -0.10000000E-001
 3652019   2 -0.16867248E+001 -0.16787567E+001 -0.16654165E+001 -0.16413965E+001 -0.16724030E+001 -0.12600000E+001 -0.12600000E+001 -0.12600000E+001
 3652019   2  0.16784066E+001  0.16775802E+001  0.16588128E+001  0.16344611E+001  0.16652302E+001  0.12500000E+001  0.12500000E+001  0.12500000E+001
 3652019   2  0.00000000E+000  0.00000000E+000  0.00000000E+000  0.00000000E+000  0.00000000E+000  0.00000000E+000  0.00000000E+000  0.00000000E+000
 3652019   2  0.10040000E+007  0.40160000E+007  0.75300000E+007  0.50200000E+007  0.15060000E+008  0.00000000E+000  0.00000000E+000  0.00000000E+000
 3652019   2  0.12267751E-004  0.20493386E+002  0.51933765E+002  0.43984181E+002  0.44951734E+002  0.00000000E+000  0.00000000E+000  0.00000000E+000
 3652019   2  0.12267751E-002  0.51233465E+003  0.51933765E+003  0.43984181E+003  0.14983911E+003  0.00000000E+000  0.00000000E+000  0.00000000E+000
 3652019   2  0.64694644E-013  0.10801976E-006  0.27067824E-006  0.22587974E-006  0.23519435E-006  0.00000000E+000  0.00000000E+000  0.00000000E+000
 3652019   2  0.58225179E-012  0.97217783E-006  0.24361042E-005  0.20329177E-005  0.21167492E-005  0.00000000E+000  0.00000000E+000  0.00000000E+000
 3652019   2  0.50000000E-005  0.50000000E-005  0.50000000E-005  0.50000000E-005  0.50000000E-005  0.50000000E-005  0.50000000E-005  0.50000000E-005
 3652019   2  0.50000000E-005  0.50000000E-005  0.50000000E-005  0.50000000E-005  0.50000000E-005  0.50000000E-005  0.50000000E-005  0.50000000E-005
 3652019   2  0.38539141E-009  0.64379972E-003  0.16314992E-002  0.13817630E-002  0.14121587E-002  0.00000000E+000  0.00000000E+000  0.00000000E+000
 3652019   2  0.10000000E-002  0.20411739E-002  0.27587657E-002  0.35047156E-002  0.11939371E-002  0.10000000E-002  0.10000000E-002  0.10000000E-002
 3652019   2  0.89290814E-006  0.61262070E-004  0.13361650E-003  0.10948998E-003  0.20898753E-003  0.00000000E+000  0.00000000E+000  0.00000000E+000
 3652019   2 -0.31429233E-012 -0.60789357E-004 -0.13288476E-003 -0.10889048E-003 -0.20780227E-003  0.00000000E+000  0.00000000E+000  0.00000000E+000
 3652019   2  0.31429233E-012  0.60789357E-004  0.13288476E-003  0.10889048E-003  0.20780227E-003  0.00000000E+000  0.00000000E+000  0.00000000E+000
 3652019   2  0.00000000E+000  0.00000000E+000  0.00000000E+000  0.00000000E+000  0.00000000E+000  0.00000000E+000  0.00000000E+000  0.00000000E+000
 3652019   2  0.00000000E+000  0.00000000E+000  0.00000000E+000  0.00000000E+000  0.00000000E+000  0.00000000E+000  0.00000000E+000  0.00000000E+000
 3652019   2  0.00000000E+000  0.00000000E+000  0.00000000E+000  0.00000000E+000  0.00000000E+000  0.00000000E+000  0.00000000E+000  0.00000000E+000
 3652019   2  0.00000000E+000  0.00000000E+000  0.00000000E+000  0.00000000E+000  0.00000000E+000  0.00000000E+000  0.00000000E+000  0.00000000E+000
 3652019   2  0.00000000E+000  0.00000000E+000  0.00000000E+000  0.00000000E+000  0.00000000E+000  0.00000000E+000  0.00000000E+000  0.00000000E+000
 3652019   2  0.37736000E-011  0.75898541E-005  0.98804610E-005  0.86390760E-005  0.11620180E-004  0.00000000E+000  0.00000000E+000  0.00000000E+000
 3652019   2  0.00000000E+000  0.00000000E+000  0.00000000E+000  0.00000000E+000  0.00000000E+000  0.00000000E+000  0.00000000E+000  0.00000000E+000
 3652019   2  0.00000000E+000  0.00000000E+000  0.00000000E+000  0.00000000E+000  0.00000000E+000  0.00000000E+000  0.00000000E+000  0.00000000E+000
 3652019   2  0.00000000E+000  0.00000000E+000  0.00000000E+000  0.00000000E+000  0.00000000E+000  0.00000000E+000  0.00000000E+000  0.00000000E+000
 3652019   2  0.00000000E+000  0.00000000E+000  0.00000000E+000  0.00000000E+000  0.00000000E+000  0.00000000E+000  0.00000000E+000  0.00000000E+000
 3652019   2  0.17345374E-007  0.28975598E-001  0.73429150E-001  0.62189233E-001  0.63557256E-001  0.00000000E+000  0.00000000E+000  0.00000000E+000
 3652019   2  0.15110286E-002  0.60585719E-001  0.10251143E+000  0.73708328E-001  0.91774215E-001  0.00000000E+000  0.00000000E+000  0.00000000E+000
 3652019   2  0.10840858E-008  0.18109749E-002  0.45893219E-002  0.38868271E-002  0.39723285E-002  0.00000000E+000  0.00000000E+000  0.00000000E+000
 3652019   2  0.29179554E-005  0.18306196E-003  0.35651298E-003  0.29048756E-003  0.56174484E-003  0.00000000E+000  0.00000000E+000  0.00000000E+000
 3652019   2  0.00000000E+000  0.40631415E-005  0.47305655E-005  0.21343909E-005  0.33500917E-005  0.00000000E+000  0.00000000E+000  0.00000000E+000
 3652019   2  0.00000000E+000  0.18728953E-004  0.70452203E-004  0.63972896E-004  0.14081633E-003  0.00000000E+000  0.00000000E+000  0.00000000E+000
 3652019   2  0.00000000E+000  0.52208787E-005  0.14704473E-004  0.12796313E-004  0.21818308E-004  0.00000000E+000  0.00000000E+000  0.00000000E+000
 3652019   2  0.00000000E+000  0.43404395E-006  0.10193546E-005  0.62947634E-006  0.98399989E-006  0.00000000E+000  0.00000000E+000  0.00000000E+000
 3652019   2  0.00000000E+000  0.27428736E-005  0.21041497E-005  0.90794787E-006  0.52068456E-006  0.00000000E+000  0.00000000E+000  0.00000000E+000
 3652019   2  0.00000000E+000  0.17268073E-004  0.35507082E-004  0.33000494E-004  0.26950786E-004  0.00000000E+000  0.00000000E+000  0.00000000E+000
 3652019   2  0.00000000E+000  0.00000000E+000  0.00000000E+000  0.00000000E+000  0.00000000E+000  0.00000000E+000  0.00000000E+000  0.00000000E+000
 3652019   2  0.00000000E+000  0.00000000E+000  0.00000000E+000  0.00000000E+000  0.00000000E+000  0.00000000E+000  0.00000000E+000  0.00000000E+000
 3652019   2  0.00000000E+000  0.99227702E+000  0.99452106E+000  0.99452662E+000  0.99432931E+000  0.10000000E+001  0.10000000E+001  0.10000000E+001
 3652019   2  0.15110112E-002  0.31610121E-001  0.29082278E-001  0.11519095E-001  0.28216958E-001  0.00000000E+000  0.00000000E+000  0.00000000E+000
 3652019   2  0.64830470E-003  0.14214284E-001  0.14381201E-001  0.66899539E-002  0.14099655E-001  0.00000000E+000  0.00000000E+000  0.00000000E+000
 3652019   2  0.93192019E-004  0.20150545E-002  0.20452136E-002  0.93740698E-003  0.19810855E-002  0.00000000E+000  0.00000000E+000  0.00000000E+000
 3652019   2  0.20000000E-001  0.20000000E-001  0.20000000E-001  0.20000000E-001
 3652019   2  0.00000000E+000  0.00000000E+000  0.00000000E+000  0.00000000E+000
 3652019   2  0.00000000E+000  0.00000000E+000  0.00000000E+000  0.00000000E+000
 3652019   2  0.00000000E+000  0.00000000E+000  0.00000000E+000  0.00000000E+000
 3652019   2  0.25100000E+006  0.10040000E+007  0.25100000E+007  0.25100000E+007  0.75300000E+007  0.00000000E+000  0.00000000E+000  0.00000000E+000
 3652019   2  0.00000000E+000  0.00000000E+000  0.00000000E+000  0.00000000E+000  0.00000000E+000  0.00000000E+000  0.00000000E+000  0.00000000E+000
 3652019   2  0.00000000E+000  0.00000000E+000  0.00000000E+000  0.00000000E+000  0.00000000E+000  0.00000000E+000  0.00000000E+000  0.00000000E+000
 3652019   2  0.00000000E+000  0.00000000E+000  0.00000000E+000  0.00000000E+000  0.00000000E+000  0.00000000E+000  0.00000000E+000  0.00000000E+000
 3652019   2  0.00000000E+000  0.00000000E+000  0.00000000E+000  0.00000000E+000  0.00000000E+000  0.00000000E+000  0.00000000E+000  0.00000000E+000
 3652019   2  0.17345374E-007  0.96996030E-002  0.32034040E-001  0.42578814E-001  0.57320607E-001  0.00000000E+000  0.00000000E+000  0.00000000E+000
 3652019   2  0.43363434E-009  0.24249008E-003  0.80085100E-003  0.10644704E-002  0.14330152E-002  0.00000000E+000  0.00000000E+000  0.00000000E+000
 3652019   2  0.43363434E-010  0.24249008E-004  0.80085100E-004  0.10644704E-003  0.14330152E-003  0.00000000E+000  0.00000000E+000  0.00000000E+000
 3652019   2  0.49071005E-002  0.27440704E+004  0.90626041E+004  0.12045778E+005  0.16216312E+005  0.00000000E+000  0.00000000E+000  0.00000000E+000
 3652019   2  0.25100000E+006  0.10040000E+007  0.25100000E+007  0.25100000E+007  0.75300000E+007  0.00000000E+000  0.00000000E+000  0.00000000E+000
 3652019   2  0.00000000E+000  0.00000000E+000  0.00000000E+000  0.00000000E+000  0.00000000E+000  0.00000000E+000  0.00000000E+000  0.00000000E+000
 3652019   2  0.00000000E+000  0.00000000E+000  0.00000000E+000  0.00000000E+000  0.00000000E+000  0.00000000E+000  0.00000000E+000  0.00000000E+000
 3652019   2  0.00000000E+000  0.00000000E+000  0.00000000E+000  0.00000000E+000  0.00000000E+000  0.00000000E+000  0.00000000E+000  0.00000000E+000
 3652019   2  0.00000000E+000  0.00000000E+000  0.00000000E+000  0.00000000E+000  0.00000000E+000  0.00000000E+000  0.00000000E+000  0.00000000E+000
 3652019   2  0.00000000E+000  0.96571932E-002  0.29953944E-001  0.19610419E-001  0.62366488E-002  0.00000000E+000  0.00000000E+000  0.00000000E+000
 3652019   2  0.00000000E+000  0.24142983E-003  0.74884859E-003  0.49026047E-003  0.15591622E-003  0.00000000E+000  0.00000000E+000  0.00000000E+000
 3652019   2  0.00000000E+000  0.24142983E-004  0.74884859E-004  0.49026047E-004  0.15591622E-004  0.00000000E+000  0.00000000E+000  0.00000000E+000
 3652019   2  0.00000000E+000  0.27320725E+004  0.84741336E+004  0.55478942E+004  0.17643819E+004  0.00000000E+000  0.00000000E+000  0.00000000E+000
 3652019   2  0.25100000E+006  0.10040000E+007  0.25100000E+007  0.00000000E+000  0.00000000E+000  0.00000000E+000  0.00000000E+000  0.00000000E+000
 3652019   2  0.00000000E+000  0.00000000E+000  0.00000000E+000  0.00000000E+000  0.00000000E+000  0.00000000E+000  0.00000000E+000  0.00000000E+000
 3652019   2  0.00000000E+000  0.00000000E+000  0.00000000E+000  0.00000000E+000  0.00000000E+000  0.00000000E+000  0.00000000E+000  0.00000000E+000
 3652019   2  0.00000000E+000  0.00000000E+000  0.00000000E+000  0.00000000E+000  0.00000000E+000  0.00000000E+000  0.00000000E+000  0.00000000E+000
 3652019   2  0.00000000E+000  0.00000000E+000  0.00000000E+000  0.00000000E+000  0.00000000E+000  0.00000000E+000  0.00000000E+000  0.00000000E+000
 3652019   2  0.00000000E+000  0.93945728E-002  0.11441166E-001  0.00000000E+000  0.00000000E+000  0.00000000E+000  0.00000000E+000  0.00000000E+000
 3652019   2  0.00000000E+000  0.23486432E-003  0.28602916E-003  0.00000000E+000  0.00000000E+000  0.00000000E+000  0.00000000E+000  0.00000000E+000
 3652019   2  0.00000000E+000  0.23486432E-004  0.28602916E-004  0.00000000E+000  0.00000000E+000  0.00000000E+000  0.00000000E+000  0.00000000E+000
 3652019   2  0.00000000E+000  0.26577757E+004  0.32367682E+004  0.00000000E+000  0.00000000E+000  0.00000000E+000  0.00000000E+000  0.00000000E+000
 3652019   2  0.25100000E+006  0.10040000E+007  0.00000000E+000  0.00000000E+000  0.00000000E+000  0.00000000E+000  0.00000000E+000  0.00000000E+000
 3652019   2  0.00000000E+000  0.00000000E+000  0.00000000E+000  0.00000000E+000  0.00000000E+000  0.00000000E+000  0.00000000E+000  0.00000000E+000
 3652019   2  0.00000000E+000  0.00000000E+000  0.00000000E+000  0.00000000E+000  0.00000000E+000  0.00000000E+000  0.00000000E+000  0.00000000E+000
 3652019   2  0.00000000E+000  0.00000000E+000  0.00000000E+000  0.00000000E+000  0.00000000E+000  0.00000000E+000  0.00000000E+000  0.00000000E+000
 3652019   2  0.00000000E+000  0.00000000E+000  0.00000000E+000  0.00000000E+000  0.00000000E+000  0.00000000E+000  0.00000000E+000  0.00000000E+000
 3652019   2  0.00000000E+000  0.22422930E-003  0.00000000E+000  0.00000000E+000  0.00000000E+000  0.00000000E+000  0.00000000E+000  0.00000000E+000
 3652019   2  0.00000000E+000  0.56057324E-005  0.00000000E+000  0.00000000E+000  0.00000000E+000  0.00000000E+000  0.00000000E+000  0.00000000E+000
 3652019   2  0.00000000E+000  0.56057324E-006  0.00000000E+000  0.00000000E+000  0.00000000E+000  0.00000000E+000  0.00000000E+000  0.00000000E+000
 3652019   2  0.00000000E+000  0.63435687E+002  0.00000000E+000  0.00000000E+000  0.00000000E+000  0.00000000E+000  0.00000000E+000  0.00000000E+000
 3652019   2  0.00000000E+000  0.00000000E+000  0.00000000E+000  0.00000000E+000  0.00000000E+000  0.00000000E+000  0.00000000E+000  0.00000000E+000
 3652019   2  0.00000000E+000  0.00000000E+000  0.00000000E+000  0.00000000E+000  0.00000000E+000  0.00000000E+000  0.00000000E+000  0.00000000E+000
 3652019   2  0.00000000E+000  0.00000000E+000  0.00000000E+000  0.00000000E+000  0.00000000E+000  0.00000000E+000  0.00000000E+000  0.00000000E+000
 3652019   2  0.00000000E+000  0.00000000E+000  0.00000000E+000  0.00000000E+000  0.00000000E+000  0.00000000E+000  0.00000000E+000  0.00000000E+000
 3652019   2  0.00000000E+000  0.00000000E+000  0.00000000E+000  0.00000000E+000  0.00000000E+000  0.00000000E+000  0.00000000E+000  0.00000000E+000
 3652019   2  0.00000000E+000  0.00000000E+000  0.00000000E+000  0.00000000E+000  0.00000000E+000  0.00000000E+000  0.00000000E+000  0.00000000E+000
