    ORGN   365    24  1995     1     1  0.589308E+01  0.164008E+02  0.524472E+02  0.131171E+03  0.128330E+03  0.397928E+03  0.128269E+03  0.206225E+03  0.192263E+03  0.479924E+02  0.120169E+02
    ORGN   365    24  1996     1     1  0.815768E+01  0.176785E+02  0.510904E+02  0.128089E+03  0.125949E+03  0.393366E+03  0.126981E+03  0.205321E+03  0.191663E+03  0.479663E+02  0.120126E+02
    ORGN   365    24  1997     1     1  0.460699E+01  0.182144E+02  0.499348E+02  0.125620E+03  0.123947E+03  0.389349E+03  0.126024E+03  0.204522E+03  0.190967E+03  0.479454E+02  0.120112E+02
    ORGN   365    24  1998     1     1  0.441751E+01  0.183693E+02  0.491604E+02  0.123869E+03  0.122374E+03  0.385916E+03  0.125095E+03  0.203826E+03  0.190447E+03  0.479258E+02  0.120110E+02
    ORGN   365    24  1999     1     1  0.353787E+02  0.196523E+02  0.500769E+02  0.123866E+03  0.122032E+03  0.383942E+03  0.124728E+03  0.203587E+03  0.190212E+03  0.479083E+02  0.120109E+02
    ORGN   365    24  2000     1     1  0.242565E+02  0.282306E+02  0.515647E+02  0.123502E+03  0.121681E+03  0.382157E+03  0.124316E+03  0.203379E+03  0.190530E+03  0.478892E+02  0.120104E+02
    ORGN   365    24  2001     1     1  0.737537E+01  0.255029E+02  0.496295E+02  0.120491E+03  0.119251E+03  0.378391E+03  0.123094E+03  0.202465E+03  0.189526E+03  0.478706E+02  0.120105E+02
    ORGN   365    24  2002     1     1  0.412903E+01  0.250954E+02  0.484693E+02  0.118890E+03  0.117743E+03  0.375160E+03  0.122139E+03  0.201749E+03  0.188870E+03  0.478496E+02  0.120104E+02
    ORGN   365    24  2003     1     1  0.640408E+02  0.260746E+02  0.497966E+02  0.119766E+03  0.118429E+03  0.374102E+03  0.122265E+03  0.201791E+03  0.189079E+03  0.478337E+02  0.120103E+02
    ORGN   365    24  2004     1     1  0.133654E+02  0.299230E+02  0.481068E+02  0.117104E+03  0.116154E+03  0.370930E+03  0.121081E+03  0.201105E+03  0.188335E+03  0.478142E+02  0.120100E+02
    ORGN   365    24  2005     1     1  0.638514E+01  0.287537E+02  0.469639E+02  0.115168E+03  0.114532E+03  0.367580E+03  0.120041E+03  0.200400E+03  0.187703E+03  0.477940E+02  0.120106E+02
    ORGN   365    24  2006     1     1  0.381419E+02  0.309615E+02  0.476637E+02  0.115059E+03  0.114205E+03  0.365647E+03  0.119625E+03  0.200070E+03  0.187607E+03  0.477756E+02  0.120106E+02
    ORGN   365    24  2007     1     1  0.109077E+02  0.305397E+02  0.466247E+02  0.112980E+03  0.112560E+03  0.362669E+03  0.118670E+03  0.199456E+03  0.187002E+03  0.477567E+02  0.120110E+02
    ORGN   365    24  2008     1     1  0.180088E+01  0.175298E+02  0.477065E+02  0.118553E+03  0.118489E+03  0.359839E+03  0.117810E+03  0.198883E+03  0.186465E+03  0.477384E+02  0.120125E+02
    ORGN   365    24  2009     1     1  0.904507E+00  0.175772E+02  0.468384E+02  0.116165E+03  0.115957E+03  0.357239E+03  0.117032E+03  0.198367E+03  0.185999E+03  0.477197E+02  0.120132E+02
    ORGN   365    24  2010     1     1  0.693640E+00  0.177317E+02  0.461600E+02  0.114321E+03  0.114056E+03  0.354440E+03  0.116221E+03  0.197847E+03  0.185536E+03  0.477004E+02  0.120147E+02
    ORGN   365    24  2011     1     1  0.394321E+01  0.167398E+02  0.486091E+02  0.112951E+03  0.112565E+03  0.351928E+03  0.115445E+03  0.197414E+03  0.185225E+03  0.476809E+02  0.120150E+02
    ORGN   365    24  2012     1     1  0.455826E+01  0.158457E+02  0.500926E+02  0.111971E+03  0.111395E+03  0.349578E+03  0.114763E+03  0.196915E+03  0.184825E+03  0.476589E+02  0.120148E+02
    ORGN   365    24  2013     1     1  0.563295E+01  0.158576E+02  0.488844E+02  0.111762E+03  0.110962E+03  0.348421E+03  0.114285E+03  0.196510E+03  0.184447E+03  0.476397E+02  0.120145E+02
