    ORGC   365    24  1995     1     1  0.133837E+03  0.207023E+03  0.631474E+03  0.155246E+04  0.150988E+04  0.463522E+04  0.149731E+04  0.167561E+04  0.156305E+04  0.384331E+03  0.962159E+02
    ORGC   365    24  1996     1     1  0.176006E+03  0.226271E+03  0.616903E+03  0.152130E+04  0.148593E+04  0.458923E+04  0.148466E+04  0.166858E+04  0.155916E+04  0.384231E+03  0.961983E+02
    ORGC   365    24  1997     1     1  0.921138E+02  0.232505E+03  0.602666E+03  0.149206E+04  0.146193E+04  0.454266E+04  0.147164E+04  0.166086E+04  0.155171E+04  0.384126E+03  0.961924E+02
    ORGC   365    24  1998     1     1  0.792494E+02  0.236789E+03  0.595616E+03  0.147381E+04  0.144412E+04  0.450387E+04  0.146079E+04  0.165468E+04  0.154723E+04  0.384010E+03  0.961932E+02
    ORGC   365    24  1999     1     1  0.413530E+03  0.258717E+03  0.621192E+03  0.148577E+04  0.144801E+04  0.448775E+04  0.146011E+04  0.165536E+04  0.154622E+04  0.383907E+03  0.961931E+02
    ORGC   365    24  2000     1     1  0.280172E+03  0.352080E+03  0.622407E+03  0.146726E+04  0.143443E+04  0.446185E+04  0.145093E+04  0.165161E+04  0.154603E+04  0.383786E+03  0.961898E+02
    ORGC   365    24  2001     1     1  0.902672E+02  0.325117E+03  0.599880E+03  0.143171E+04  0.140670E+04  0.441658E+04  0.143682E+04  0.164246E+04  0.153750E+04  0.383656E+03  0.961905E+02
    ORGC   365    24  2002     1     1  0.543215E+02  0.326354E+03  0.590460E+03  0.141598E+04  0.138983E+04  0.437924E+04  0.142584E+04  0.163579E+04  0.153174E+04  0.383503E+03  0.961901E+02
    ORGC   365    24  2003     1     1  0.309906E+03  0.339691E+03  0.610523E+03  0.143043E+04  0.140186E+04  0.437256E+04  0.143001E+04  0.164000E+04  0.153712E+04  0.383399E+03  0.961898E+02
    ORGC   365    24  2004     1     1  0.692530E+02  0.355680E+03  0.582070E+03  0.139268E+04  0.137066E+04  0.433091E+04  0.141351E+04  0.163207E+04  0.152925E+04  0.383260E+03  0.961870E+02
    ORGC   365    24  2005     1     1  0.359347E+02  0.353108E+03  0.570025E+03  0.137072E+04  0.135203E+04  0.429130E+04  0.140139E+04  0.162512E+04  0.152328E+04  0.383107E+03  0.961922E+02
    ORGC   365    24  2006     1     1  0.225344E+03  0.370517E+03  0.587642E+03  0.137833E+04  0.135352E+04  0.427358E+04  0.139953E+04  0.162537E+04  0.152752E+04  0.382978E+03  0.961918E+02
    ORGC   365    24  2007     1     1  0.636648E+02  0.374469E+03  0.562900E+03  0.134419E+04  0.132869E+04  0.423465E+04  0.138568E+04  0.161836E+04  0.151980E+04  0.382843E+03  0.961955E+02
    ORGC   365    24  2008     1     1  0.113167E+02  0.213150E+03  0.568924E+03  0.140611E+04  0.140228E+04  0.420140E+04  0.137564E+04  0.161298E+04  0.151465E+04  0.382707E+03  0.962076E+02
    ORGC   365    24  2009     1     1  0.765062E+01  0.214397E+03  0.561506E+03  0.138352E+04  0.137813E+04  0.417078E+04  0.136656E+04  0.160839E+04  0.151048E+04  0.382564E+03  0.962128E+02
    ORGC   365    24  2010     1     1  0.155860E+02  0.217107E+03  0.554783E+03  0.136397E+04  0.135759E+04  0.413765E+04  0.135702E+04  0.160414E+04  0.150635E+04  0.382411E+03  0.962251E+02
    ORGC   365    24  2011     1     1  0.675025E+02  0.207784E+03  0.592163E+03  0.134946E+04  0.134137E+04  0.410892E+04  0.134899E+04  0.160162E+04  0.150579E+04  0.382261E+03  0.962276E+02
    ORGC   365    24  2012     1     1  0.738949E+02  0.198772E+03  0.617705E+03  0.134270E+04  0.133189E+04  0.408505E+04  0.134077E+04  0.159786E+04  0.150319E+04  0.382091E+03  0.962263E+02
    ORGC   365    24  2013     1     1  0.718289E+02  0.198574E+03  0.598430E+03  0.134068E+04  0.132721E+04  0.407277E+04  0.133568E+04  0.159499E+04  0.150035E+04  0.381948E+03  0.962235E+02
