-0.033,-1.5,0.2,5.33,400,10,1,0,0,0,0,0,0,1,1,1,8,0,2,0
0.01,0.05,0.15,0.25,0.55,0.65,1.35,2.0
1.419999957084655,1.419999957084655,1.419999957084655,1.360000014305114,1.360000014305114,1.289999961853027,1.360000014305114,1.360000014305114
0.2979999923706055,0.2979999923706055,0.2979999923706055,0.29700000762939455,0.29700000762939455,0.2989999961853027,0.26399999618530273,0.26399999618530273
0.15100000381469728,0.15100000381469728,0.15100000381469728,0.15,0.15,0.15199999809265136,0.10699999809265137,0.10699999809265137
32.4,32.4,32.4,32.4,32.4,32.4,32.4,32.4
32.4,32.4,32.4,32.4,32.4,32.4,32.4,32.4
110.0,110.0,110.0,110.0,110.0,90.0,110.0,110.0
670.0,670.0,670.0,660.0,660.0,660.0,700.0,700.0
0.01,0.01,0.01,0.01,0.0,0.0,0.0,0.0
0,0,0,0,0,0,0,0
6.5,6.5,6.5,6.800000190734863,6.800000190734863,7.199999809265137,8.100000381469727,8.100000381469727
18.600000381469727,18.600000381469727,18.600000381469727,19.299999237060547,19.299999237060547,20.799999237060547,13.199999809265137,13.199999809265137
2.5,2.5,2.5,2.5,2.5,2.5,2.5,2.5
11.6,11.6,11.6,11.6,11.6,11.6,1.7400000691413824,1.7400000691413824
0,0,0,0,0,0,0,0
-1,-1,-1,-1,-1,-1,-1,-1
-1,-1,-1,-1,-1,-1,-1,-1
3,3,3,3,3,3,3,3
12,12,12,12,12,12,12,12
10,10,10,10,10,10,10,10
-1,-1,-1,-1,-1,-1,-1,-1
-1,-1,-1,-1,-1,-1,-1,-1
40,40,40,40,40,40,40,40
120,120,120,120,120,120,120,120
23,23,23,23,23,23,23,23
39,39,39,39,39,39,39,39
48,48,48,48,48,48,48,48
35,35,35,35,35,35,35,35
50,50,50,50,50,50,50,50
50,50,50,50,50,50,50,50
50,50,50,50,50,50,50,50
50,50,50,50,50,50,50,50
1000,1000,1000,1000,1000,1000,1000,1000
2000,2000,2000,2000,2000,2000,2000,2000
0,0,0,0,0,0,0,0
0,0,0,0,0,0,0,0
0.025,0.025,0.025,0.025,0.025,0.025,0.025,0.025
0.25,0.25,0.25,0.25,0.25,0.25,0.25,0.25
0.25,0.25,0.25,0.25,0.25,0.25,0.25,0.25
0.6,0.6,0.6,0.6,0.6,0.6,0.6,0.6
0.16,0.16,0.16,0.16,0.16,0.16,0.16,0.16
3,3,3,3,3,3,3,3
1,1,1,1,1,1,1,1
0,0,0,0,0,0,0,0
45,45,45,45,45,45,45,45
1.5,1.5,1.5,1.5,1.5,1.5,1.5,1.5
0.15,0.15,0.15,0.15,0.15,0.15,0.15,0.15
0,0,0,0,0,0,0,0
0,0,0,0,0,0,0,0
0,0,0,0,0,0,0,0
0,0,0,0,0,0,0,0
0,0,0,0,0,0,0,0
0,0,0,0,0,0,0,0
