    ORGC   365    24  1995     1     1  0.641698E+03  0.280644E+03  0.642338E+03  0.152539E+04  0.786752E+03  0.182706E+04  0.276417E+03  0.173094E+04  0.109595E+04  0.263859E+03  0.660919E+02
    ORGC   365    24  1996     1     1  0.165236E+03  0.349475E+03  0.646393E+03  0.149426E+04  0.771051E+03  0.180726E+04  0.269240E+03  0.172139E+04  0.109040E+04  0.263877E+03  0.660753E+02
    ORGC   365    24  1997     1     1  0.106274E+03  0.358346E+03  0.635322E+03  0.147329E+04  0.762850E+03  0.179482E+04  0.266542E+03  0.171547E+04  0.108789E+04  0.263900E+03  0.660725E+02
    ORGC   365    24  1998     1     1  0.565278E+03  0.481863E+03  0.654837E+03  0.147031E+04  0.767892E+03  0.179412E+04  0.271194E+03  0.171646E+04  0.109358E+04  0.263943E+03  0.660754E+02
    ORGC   365    24  1999     1     1  0.200506E+03  0.486871E+03  0.670408E+03  0.144966E+04  0.754303E+03  0.177819E+04  0.267938E+03  0.170681E+04  0.108539E+04  0.263983E+03  0.660806E+02
    ORGC   365    24  2000     1     1  0.857303E+03  0.531127E+03  0.677396E+03  0.145120E+04  0.761642E+03  0.178095E+04  0.274581E+03  0.171160E+04  0.109429E+04  0.263995E+03  0.660808E+02
    ORGC   365    24  2001     1     1  0.178861E+03  0.636075E+03  0.684309E+03  0.142556E+04  0.747001E+03  0.176424E+04  0.266871E+03  0.170359E+04  0.108744E+04  0.264021E+03  0.660820E+02
    ORGC   365    24  2002     1     1  0.662107E+03  0.713291E+03  0.699597E+03  0.142683E+04  0.752969E+03  0.176674E+04  0.274003E+03  0.170709E+04  0.109418E+04  0.264036E+03  0.660838E+02
    ORGC   365    24  2003     1     1  0.201918E+03  0.744073E+03  0.724680E+03  0.141211E+04  0.740749E+03  0.175268E+04  0.269256E+03  0.169818E+04  0.108715E+04  0.264047E+03  0.660827E+02
    ORGC   365    24  2004     1     1  0.624968E+03  0.831022E+03  0.735193E+03  0.141161E+04  0.747395E+03  0.175646E+04  0.274788E+03  0.170263E+04  0.109488E+04  0.264064E+03  0.660839E+02
    ORGC   365    24  2005     1     1  0.245628E+03  0.795930E+03  0.736724E+03  0.139111E+04  0.734244E+03  0.174060E+04  0.267689E+03  0.169349E+04  0.108643E+04  0.264079E+03  0.660855E+02
    ORGC   365    24  2006     1     1  0.618405E+03  0.942889E+03  0.761242E+03  0.139156E+04  0.740471E+03  0.174427E+04  0.273892E+03  0.169752E+04  0.109386E+04  0.264079E+03  0.660852E+02
    ORGC   365    24  2007     1     1  0.174667E+03  0.937774E+03  0.776997E+03  0.137685E+04  0.729639E+03  0.173068E+04  0.268652E+03  0.169012E+04  0.108565E+04  0.264087E+03  0.660862E+02
    ORGC   365    24  2008     1     1  0.769283E+03  0.985496E+03  0.785510E+03  0.138117E+04  0.737807E+03  0.173417E+04  0.274259E+03  0.169371E+04  0.109265E+04  0.264108E+03  0.660946E+02
    ORGC   365    24  2009     1     1  0.184001E+03  0.104458E+04  0.811056E+03  0.136863E+04  0.728390E+03  0.172401E+04  0.269352E+03  0.169067E+04  0.108513E+04  0.264134E+03  0.661050E+02
    ORGC   365    24  2010     1     1  0.576535E+03  0.111521E+04  0.813151E+03  0.136248E+04  0.730348E+03  0.172211E+04  0.273270E+03  0.169017E+04  0.108969E+04  0.264143E+03  0.661153E+02
    ORGC   365    24  2011     1     1  0.194022E+03  0.107560E+04  0.807188E+03  0.134156E+04  0.716922E+03  0.170667E+04  0.268646E+03  0.168029E+04  0.108204E+04  0.264137E+03  0.661231E+02
    ORGC   365    24  2012     1     1  0.116546E+03  0.106813E+04  0.788593E+03  0.132837E+04  0.714393E+03  0.170089E+04  0.267583E+03  0.167669E+04  0.108140E+04  0.264105E+03  0.661265E+02
    ORGC   365    24  2013     1     1  0.703378E+03  0.114528E+04  0.813336E+03  0.133918E+04  0.726676E+03  0.170922E+04  0.276133E+03  0.168327E+04  0.109182E+04  0.264087E+03  0.661272E+02
    ORGC   365    24  2014     1     1  0.210105E+03  0.116482E+04  0.835296E+03  0.132381E+04  0.712710E+03  0.169593E+04  0.269576E+03  0.167727E+04  0.108824E+04  0.264073E+03  0.661264E+02
    ORGC   365    24  2015     1     1  0.718195E+03  0.123151E+04  0.837643E+03  0.132375E+04  0.717149E+03  0.169887E+04  0.274925E+03  0.168078E+04  0.109372E+04  0.264093E+03  0.661265E+02
    ORGC   365    24  2016     1     1  0.174631E+03  0.122846E+04  0.834197E+03  0.130140E+04  0.704611E+03  0.168325E+04  0.268645E+03  0.167204E+04  0.108473E+04  0.264092E+03  0.661328E+02
    ORGC   365    24  2017     1     1  0.543584E+03  0.131243E+04  0.846328E+03  0.130609E+04  0.715849E+03  0.169069E+04  0.279098E+03  0.167916E+04  0.109496E+04  0.264072E+03  0.661362E+02
    ORGC   365    24  2018     1     1  0.162760E+03 -0.579066E+10 -0.906191E+09 -0.533202E+08 -0.153146E+07  0.179440E+04  0.271449E+03  0.166829E+04  0.108753E+04  0.264042E+03  0.661422E+02
    ORGC   365    24  2019     1     1  0.173523E+00 -0.769987E+14 -0.174948E+13 -0.895716E+13 -0.178844E+10  0.519519E+09 -0.130019E+16 -0.154822E+13 -0.174562E+11 -0.214479E+10  0.170879E+06
    ORGC   365    24  2020     1     1  0.976937E+00 -0.911226E+14 -0.189694E+13 -0.899715E+13 -0.186675E+10  0.493779E+09 -0.206311E+16 -0.263189E+13 -0.295441E+11 -0.485062E+10  0.431976E+06
    ORGC   365    24  2021     1     1           NaN           NaN           NaN           NaN           NaN           NaN           NaN           NaN           NaN           NaN           NaN
    ORGC   365    24  2022     1     1           NaN           NaN           NaN           NaN           NaN           NaN           NaN           NaN           NaN           NaN           NaN
