    ORGN   365    24  1995     1     1  0.296728E+02  0.202759E+02  0.524094E+02  0.128380E+03  0.752766E+02  0.188470E+03  0.313203E+02  0.212196E+03  0.132948E+03  0.329519E+02  0.828176E+01
    ORGN   365    24  1996     1     1  0.228343E+02  0.290043E+02  0.532465E+02  0.125868E+03  0.741317E+02  0.186705E+03  0.309799E+02  0.211253E+03  0.132580E+03  0.329402E+02  0.827765E+01
    ORGN   365    24  1997     1     1  0.212555E+02  0.312846E+02  0.525115E+02  0.124023E+03  0.733858E+02  0.185493E+03  0.307969E+02  0.210634E+03  0.132290E+03  0.329352E+02  0.827673E+01
    ORGN   365    24  1998     1     1  0.261522E+02  0.350215E+02  0.533793E+02  0.123192E+03  0.733295E+02  0.184920E+03  0.309427E+02  0.210389E+03  0.132363E+03  0.329330E+02  0.827686E+01
    ORGN   365    24  1999     1     1  0.170778E+02  0.367697E+02  0.546229E+02  0.121919E+03  0.725990E+02  0.183821E+03  0.259719E+02  0.208570E+03  0.131628E+03  0.329310E+02  0.827742E+01
    ORGN   365    24  2000     1     1  0.389918E+02  0.384770E+02  0.538767E+02  0.121117E+03  0.724741E+02  0.183350E+03  0.262174E+02  0.208468E+03  0.131883E+03  0.329266E+02  0.827736E+01
    ORGN   365    24  2001     1     1  0.191979E+02  0.483380E+02  0.548589E+02  0.119572E+03  0.717206E+02  0.182243E+03  0.261008E+02  0.208090E+03  0.131691E+03  0.329231E+02  0.827746E+01
    ORGN   365    24  2002     1     1  0.329386E+02  0.504452E+02  0.551179E+02  0.118929E+03  0.716240E+02  0.181841E+03  0.263487E+02  0.208033E+03  0.131886E+03  0.329194E+02  0.827764E+01
    ORGN   365    24  2003     1     1  0.166077E+03  0.748469E+02  0.586832E+02  0.118210E+03  0.710691E+02  0.694135E+02  0.263205E+02  0.198450E+03  0.534259E+02  0.329149E+02  0.827746E+01
    ORGN   365    24  2004     1     1  0.660856E+02  0.724628E+02  0.627081E+02  0.118015E+03  0.711482E+02  0.694156E+02  0.267751E+02  0.198712E+03  0.541162E+02  0.329113E+02  0.827761E+01
    ORGN   365    24  2005     1     1  0.471375E+02  0.643022E+02  0.620614E+02  0.116987E+03  0.702983E+02  0.683976E+02  0.264901E+02  0.198104E+03  0.538096E+02  0.329075E+02  0.827779E+01
    ORGN   365    24  2006     1     1  0.482222E+02  0.735641E+02  0.624772E+02  0.116509E+03  0.704100E+02  0.684179E+02  0.268835E+02  0.198229E+03  0.542629E+02  0.329023E+02  0.827772E+01
    ORGN   365    24  2007     1     1  0.602671E+02  0.803508E+02  0.637157E+02  0.115660E+03  0.698364E+02  0.677173E+02  0.154656E+02  0.155606E+03  0.540325E+02  0.328981E+02  0.827780E+01
    ORGN   365    24  2008     1     1  0.461283E+02  0.777416E+02  0.638855E+02  0.115220E+03  0.698833E+02  0.676675E+02  0.159113E+02  0.155726E+03  0.544765E+02  0.328976E+02  0.827934E+01
    ORGN   365    24  2009     1     1  0.287213E+02  0.834611E+02  0.654278E+02  0.114570E+03  0.694634E+02  0.670949E+02  0.157902E+02  0.155581E+03  0.541320E+02  0.328972E+02  0.828072E+01
    ORGN   365    24  2010     1     1  0.292658E+02  0.831612E+02  0.639332E+02  0.113471E+03  0.692459E+02  0.668024E+02  0.160520E+02  0.155547E+03  0.544103E+02  0.328948E+02  0.828209E+01
    ORGN   365    24  2011     1     1  0.145163E+02  0.816747E+02  0.630192E+02  0.111893E+03  0.684408E+02  0.659230E+02  0.160471E+02  0.154932E+03  0.540313E+02  0.328908E+02  0.828312E+01
    ORGN   365    24  2012     1     1  0.230636E+02  0.835449E+02  0.608668E+02  0.110408E+03  0.680158E+02  0.652249E+02  0.159552E+02  0.154519E+03  0.539723E+02  0.328842E+02  0.828358E+01
    ORGN   365    24  2013     1     1  0.371570E+02  0.852678E+02  0.621936E+02  0.110391E+03  0.682800E+02  0.653661E+02  0.162872E+02  0.154697E+03  0.544417E+02  0.328788E+02  0.828365E+01
    ORGN   365    24  2014     1     1  0.485852E+02  0.895201E+02  0.647444E+02  0.109954E+03  0.678196E+02  0.649525E+02  0.576754E+00  0.139336E+03  0.486646E+02  0.328729E+02  0.828352E+01
    ORGN   365    24  2015     1     1  0.460582E+02  0.940365E+02  0.648919E+02  0.109458E+03  0.677770E+02  0.649712E+02  0.941644E+00  0.139506E+03  0.492123E+02  0.328706E+02  0.828351E+01
    ORGN   365    24  2016     1     1  0.274777E+02  0.950208E+02  0.646786E+02  0.108032E+03  0.669690E+02  0.640237E+02  0.746859E+00  0.138999E+03  0.491792E+02  0.328659E+02  0.828433E+01
    ORGN   365    24  2017     1     1  0.376566E+02  0.991160E+02  0.645291E+02  0.107484E+03  0.671244E+02  0.639665E+02  0.113676E+01  0.139237E+03  0.496700E+02  0.328602E+02  0.828474E+01
    ORGN   365    24  2018     1     1  0.398101E+22  0.868094E+18  0.150256E+18  0.147018E+17  0.508019E+14 -0.262063E+21 -0.275879E+22 -0.874636E+21 -0.882106E+20  0.663417E+05  0.980681E+01
    ORGN   365    24  2019     1     1  0.511946E+16  0.223101E+22  0.121616E+22  0.445713E+21  0.244906E+20 -0.312973E+21 -0.270892E+22 -0.870492E+21 -0.881783E+20  0.161430E+16  0.838142E+15
    ORGN   365    24  2020     1     1  0.714441E+17  0.110507E+22  0.166689E+22  0.990406E+21  0.105719E+21 -0.292604E+21 -0.271442E+22 -0.865680E+21 -0.880911E+20  0.241071E+16  0.849769E+15
    ORGN   365    24  2021     1     1           NaN           NaN           NaN           NaN           NaN           NaN           NaN           NaN           NaN           NaN           NaN
    ORGN   365    24  2022     1     1           NaN           NaN           NaN           NaN           NaN           NaN           NaN           NaN           NaN           NaN           NaN
