-0.033,-1.5,0.2,5.33,400,10,1,0,0,0,0,0,0,1,1,1,8,0,2,0
0.01,0.05,0.15,0.25,0.55,0.65,1.35,2.0
1.350000023841858,1.350000023841858,1.350000023841858,1.350000023841858,1.399999976158142,1.399999976158142,1.399999976158142,1.399999976158142
0.2929999923706055,0.2929999923706055,0.2929999923706055,0.3060000038146973,0.32599998474121095,0.335,0.3290000152587891,0.315
0.14300000190734863,0.14300000190734863,0.14300000190734863,0.16299999237060547,0.19399999618530273,0.21100000381469727,0.2,0.17600000381469727
32.4,32.4,32.4,10.799999999999999,10.799999999999999,3.960000085830688,3.960000085830688,10.799999999999999
32.4,32.4,32.4,10.799999999999999,10.799999999999999,3.960000085830688,3.960000085830688,10.799999999999999
30.0,30.0,30.0,30.0,20.0,20.0,20.0,30.0
750.0,750.0,750.0,690.0,650.0,610.0,630.0,660.0
0.01,0.01,0.01,0.01,0.0,0.0,0.0,0.0
0,0,0,0,0,0,0,0
6.300000190734863,6.300000190734863,6.300000190734863,5.599999904632568,5.400000095367432,5.099999904632568,5.199999809265137,5.400000095367432
18.399999618530273,18.399999618530273,18.399999618530273,22.100000381469727,21.0,21.0,21.0,21.0
2.5,2.5,2.5,2.5,2.5,2.5,2.5,2.5
11.6,11.6,11.6,5.8,4.35,1.7400000691413824,1.7400000691413824,1.1600000172853455
0,0,0,0,0,0,0,0
-1,-1,-1,-1,-1,-1,-1,-1
-1,-1,-1,-1,-1,-1,-1,-1
3,3,3,3,3,3,3,3
12,12,12,12,12,12,12,12
10,10,10,10,10,10,10,10
-1,-1,-1,-1,-1,-1,-1,-1
-1,-1,-1,-1,-1,-1,-1,-1
40,40,40,40,40,40,40,40
120,120,120,120,120,120,120,120
23,23,23,23,23,23,23,23
39,39,39,39,39,39,39,39
48,48,48,48,48,48,48,48
35,35,35,35,35,35,35,35
50,50,50,50,50,50,50,50
50,50,50,50,50,50,50,50
50,50,50,50,50,50,50,50
50,50,50,50,50,50,50,50
1000,1000,1000,1000,1000,1000,1000,1000
2000,2000,2000,2000,2000,2000,2000,2000
0,0,0,0,0,0,0,0
0,0,0,0,0,0,0,0
0.025,0.025,0.025,0.025,0.025,0.025,0.025,0.025
0.25,0.25,0.25,0.25,0.25,0.25,0.25,0.25
0.25,0.25,0.25,0.25,0.25,0.25,0.25,0.25
0.6,0.6,0.6,0.6,0.6,0.6,0.6,0.6
0.16,0.16,0.16,0.16,0.16,0.16,0.16,0.16
3,3,3,3,3,3,3,3
1,1,1,1,1,1,1,1
0,0,0,0,0,0,0,0
45,45,45,45,45,45,45,45
1.5,1.5,1.5,1.5,1.5,1.5,1.5,1.5
0.15,0.15,0.15,0.15,0.15,0.15,0.15,0.15
0,0,0,0,0,0,0,0
0,0,0,0,0,0,0,0
0,0,0,0,0,0,0,0
0,0,0,0,0,0,0,0
0,0,0,0,0,0,0,0
0,0,0,0,0,0,0,0
