    ORGN   365    24  1995     1     1  0.446254E+01  0.261571E+02  0.869261E+02  0.219292E+03  0.849999E+02  0.258667E+03  0.877236E+02  0.367724E+03  0.188937E+03  0.470720E+02  0.117894E+02
    ORGN   365    24  1996     1     1  0.418761E+02  0.344466E+02  0.887606E+02  0.218649E+03  0.852827E+02  0.257159E+03  0.874584E+02  0.366833E+03  0.189095E+03  0.470529E+02  0.117835E+02
    ORGN   365    24  1997     1     1  0.117684E+02  0.323360E+02  0.862433E+02  0.214034E+03  0.834746E+02  0.254570E+03  0.865461E+02  0.365169E+03  0.188400E+03  0.470421E+02  0.117815E+02
    ORGN   365    24  1998     1     1  0.211388E+02  0.386617E+02  0.877523E+02  0.213639E+03  0.843893E+02  0.254303E+03  0.865604E+02  0.364704E+03  0.188696E+03  0.470338E+02  0.117806E+02
    ORGN   365    24  1999     1     1  0.608524E+01  0.349514E+02  0.846559E+02  0.209369E+03  0.823110E+02  0.251708E+03  0.856623E+02  0.363144E+03  0.187921E+03  0.470260E+02  0.117801E+02
    ORGN   365    24  2000     1     1  0.337435E+02  0.393090E+02  0.854213E+02  0.209217E+03  0.830446E+02  0.251268E+03  0.857085E+02  0.362652E+03  0.188099E+03  0.470185E+02  0.117800E+02
    ORGN   365    24  2001     1     1  0.767208E+01  0.390222E+02  0.831031E+02  0.205351E+03  0.813063E+02  0.249068E+03  0.849196E+02  0.361312E+03  0.187451E+03  0.470098E+02  0.117796E+02
    ORGN   365    24  2002     1     1  0.471650E+02  0.431809E+02  0.831399E+02  0.204825E+03  0.818051E+02  0.248602E+03  0.849637E+02  0.360867E+03  0.187578E+03  0.470030E+02  0.117796E+02
    ORGN   365    24  2003     1     1  0.136401E+02  0.434585E+02  0.820437E+02  0.201918E+03  0.805256E+02  0.246928E+03  0.843443E+02  0.359896E+03  0.187092E+03  0.469955E+02  0.117794E+02
    ORGN   365    24  2004     1     1  0.489487E+02  0.450423E+02  0.827225E+02  0.201422E+03  0.807729E+02  0.246254E+03  0.843006E+02  0.359389E+03  0.187161E+03  0.469880E+02  0.117792E+02
    ORGN   365    24  2005     1     1  0.114237E+02  0.461495E+02  0.806129E+02  0.198017E+03  0.793865E+02  0.244274E+03  0.835496E+02  0.358081E+03  0.186594E+03  0.469792E+02  0.117792E+02
    ORGN   365    24  2006     1     1  0.465168E+02  0.478382E+02  0.811681E+02  0.198330E+03  0.804600E+02  0.244353E+03  0.838899E+02  0.357953E+03  0.186997E+03  0.469714E+02  0.117796E+02
    ORGN   365    24  2007     1     1  0.113960E+02  0.483009E+02  0.788264E+02  0.194238E+03  0.785384E+02  0.241906E+03  0.828834E+02  0.356439E+03  0.186266E+03  0.469627E+02  0.117802E+02
    ORGN   365    24  2008     1     1  0.136596E+01  0.256531E+02  0.679399E+02  0.169492E+03  0.135184E+03  0.240357E+03  0.823172E+02  0.355319E+03  0.185782E+03  0.469531E+02  0.117808E+02
    ORGN   365    24  2009     1     1  0.103636E+02  0.216560E+02  0.705638E+02  0.174991E+03  0.164114E+03  0.241288E+03  0.827923E+02  0.355457E+03  0.186400E+03  0.469457E+02  0.117811E+02
    ORGN   365    24  2010     1     1  0.955822E+00  0.176441E+02  0.648097E+02  0.161744E+03  0.158510E+03  0.239338E+03  0.818616E+02  0.354173E+03  0.185750E+03  0.469370E+02  0.117813E+02
    ORGN   365    24  2011     1     1  0.284000E+02  0.204298E+02  0.751088E+02  0.160138E+03  0.156341E+03  0.238767E+03  0.818278E+02  0.353732E+03  0.185714E+03  0.469296E+02  0.117814E+02
    ORGN   365    24  2012     1     1  0.317459E+01  0.178517E+02  0.656933E+02  0.161120E+03  0.159802E+03  0.236796E+03  0.811359E+02  0.352503E+03  0.185171E+03  0.469183E+02  0.117812E+02
    ORGN   365    24  2013     1     1  0.134824E+02  0.192427E+02  0.701506E+02  0.173495E+03  0.172374E+03  0.237224E+03  0.810702E+02  0.352228E+03  0.185337E+03  0.469107E+02  0.117812E+02
    ORGN   365    24  2014     1     1  0.405071E+01  0.185902E+02  0.668370E+02  0.160378E+03  0.159132E+03  0.236056E+03  0.806057E+02  0.351419E+03  0.184933E+03  0.469021E+02  0.117810E+02
    ORGN   365    24  2015     1     1  0.127793E+02  0.200104E+02  0.701752E+02  0.172756E+03  0.171985E+03  0.236813E+03  0.811083E+02  0.351695E+03  0.185630E+03  0.468945E+02  0.117809E+02
    ORGN   365    24  2016     1     1  0.234296E+01  0.183476E+02  0.651768E+02  0.157443E+03  0.156842E+03  0.234024E+03  0.800547E+02  0.350218E+03  0.184830E+03  0.468858E+02  0.117808E+02
    ORGN   365    24  2017     1     1  0.134758E+02  0.193616E+02  0.693505E+02  0.171496E+03  0.170702E+03  0.233966E+03  0.801668E+02  0.349940E+03  0.185001E+03  0.468784E+02  0.117810E+02
    ORGN   365    24  2018     1     1  0.623857E+01  0.190539E+02  0.673375E+02  0.158653E+03  0.158103E+03  0.232839E+03  0.796270E+02  0.349102E+03  0.184589E+03  0.468726E+02  0.117811E+02
    ORGN   365    24  2019     1     1  0.441303E+01  0.185507E+02  0.667032E+02  0.163774E+03  0.163239E+03  0.232796E+03  0.795029E+02  0.348587E+03  0.183369E+03  0.468671E+02  0.117818E+02
    ORGN   365    24  2020     1     1  0.802481E+00  0.166131E+02  0.636554E+02  0.158311E+03  0.158008E+03  0.230688E+03  0.788471E+02  0.347504E+03  0.182993E+03  0.468572E+02  0.117823E+02
    ORGN   365    24  2021     1     1  0.378269E+01  0.166676E+02  0.642212E+02  0.159758E+03  0.159492E+03  0.230081E+03  0.785211E+02  0.346619E+03  0.182707E+03  0.468469E+02  0.117824E+02
    ORGN   365    24  2022     1     1  0.509295E+00  0.158055E+02  0.620325E+02  0.154890E+03  0.154767E+03  0.228168E+03  0.780588E+02  0.345636E+03  0.182389E+03  0.468359E+02  0.117823E+02
