    ORGC   365    24  1995     1     1  0.809253E+02  0.366582E+03  0.120483E+04  0.301323E+04  0.914211E+03  0.275121E+04  0.940849E+03  0.325490E+04  0.153920E+04  0.376967E+03  0.943898E+02
    ORGC   365    24  1996     1     1  0.364353E+03  0.453766E+03  0.124570E+04  0.302333E+04  0.924490E+03  0.274237E+04  0.940594E+03  0.325242E+04  0.154436E+04  0.376944E+03  0.943656E+02
    ORGC   365    24  1997     1     1  0.110066E+03  0.424865E+03  0.118874E+04  0.294671E+04  0.898126E+03  0.271081E+04  0.927433E+03  0.323355E+04  0.153473E+04  0.376954E+03  0.943580E+02
    ORGC   365    24  1998     1     1  0.248651E+03  0.506070E+03  0.120737E+04  0.294027E+04  0.905486E+03  0.270761E+04  0.926715E+03  0.322891E+04  0.153707E+04  0.376952E+03  0.943539E+02
    ORGC   365    24  1999     1     1  0.843522E+02  0.474465E+03  0.117197E+04  0.288676E+04  0.885749E+03  0.268087E+04  0.917487E+03  0.321440E+04  0.152944E+04  0.376942E+03  0.943526E+02
    ORGC   365    24  2000     1     1  0.356831E+03  0.526744E+03  0.118889E+04  0.288994E+04  0.898122E+03  0.268206E+04  0.920367E+03  0.321401E+04  0.153437E+04  0.376927E+03  0.943522E+02
    ORGC   365    24  2001     1     1  0.855833E+02  0.524439E+03  0.115154E+04  0.283327E+04  0.876123E+03  0.265434E+04  0.909900E+03  0.319928E+04  0.152679E+04  0.376900E+03  0.943498E+02
    ORGC   365    24  2002     1     1  0.331969E+03  0.565053E+03  0.116235E+04  0.283744E+04  0.891247E+03  0.265826E+04  0.914686E+03  0.320166E+04  0.153275E+04  0.376887E+03  0.943506E+02
    ORGC   365    24  2003     1     1  0.119424E+03  0.567595E+03  0.113313E+04  0.278718E+04  0.869413E+03  0.263415E+04  0.904697E+03  0.319044E+04  0.152606E+04  0.376869E+03  0.943487E+02
    ORGC   365    24  2004     1     1  0.431271E+03  0.603695E+03  0.115697E+04  0.279118E+04  0.879183E+03  0.263316E+04  0.907690E+03  0.318892E+04  0.153021E+04  0.376847E+03  0.943476E+02
    ORGC   365    24  2005     1     1  0.989274E+02  0.606856E+03  0.111286E+04  0.273309E+04  0.857683E+03  0.260642E+04  0.896389E+03  0.317385E+04  0.152240E+04  0.376812E+03  0.943480E+02
    ORGC   365    24  2006     1     1  0.443757E+03  0.630566E+03  0.112648E+04  0.274227E+04  0.875206E+03  0.261276E+04  0.903013E+03  0.317813E+04  0.153021E+04  0.376787E+03  0.943508E+02
    ORGC   365    24  2007     1     1  0.114741E+03  0.638886E+03  0.108955E+04  0.268042E+04  0.849187E+03  0.258178E+04  0.889538E+03  0.316025E+04  0.152075E+04  0.376753E+03  0.943557E+02
    ORGC   365    24  2008     1     1  0.149899E+02  0.341011E+03  0.912060E+03  0.226983E+04  0.172587E+04  0.256609E+04  0.883885E+03  0.314988E+04  0.151601E+04  0.376702E+03  0.943604E+02
    ORGC   365    24  2009     1     1  0.102357E+03  0.277692E+03  0.919181E+03  0.227945E+04  0.211044E+04  0.257883E+04  0.890334E+03  0.315549E+04  0.152559E+04  0.376669E+03  0.943630E+02
    ORGC   365    24  2010     1     1  0.116700E+02  0.230839E+03  0.850560E+03  0.212238E+04  0.207266E+04  0.255443E+04  0.879069E+03  0.314118E+04  0.151763E+04  0.376623E+03  0.943647E+02
    ORGC   365    24  2011     1     1  0.298705E+03  0.265999E+03  0.977738E+03  0.212236E+04  0.206308E+04  0.255499E+04  0.882180E+03  0.314085E+04  0.152018E+04  0.376591E+03  0.943660E+02
    ORGC   365    24  2012     1     1  0.347381E+02  0.232260E+03  0.860908E+03  0.211700E+04  0.209711E+04  0.253076E+04  0.872164E+03  0.312754E+04  0.151368E+04  0.376520E+03  0.943644E+02
    ORGC   365    24  2013     1     1  0.930909E+02  0.237740E+03  0.893592E+03  0.220695E+04  0.219441E+04  0.254135E+04  0.873722E+03  0.312899E+04  0.151793E+04  0.376482E+03  0.943644E+02
    ORGC   365    24  2014     1     1  0.378667E+02  0.234834E+03  0.865159E+03  0.209543E+04  0.207981E+04  0.252294E+04  0.867330E+03  0.312051E+04  0.151333E+04  0.376434E+03  0.943631E+02
    ORGC   365    24  2015     1     1  0.966399E+02  0.243855E+03  0.893411E+03  0.220410E+04  0.219508E+04  0.253300E+04  0.872759E+03  0.312515E+04  0.152179E+04  0.376395E+03  0.943621E+02
    ORGC   365    24  2016     1     1  0.288014E+02  0.237418E+03  0.853922E+03  0.206796E+04  0.206093E+04  0.250311E+04  0.860927E+03  0.310913E+04  0.151298E+04  0.376345E+03  0.943610E+02
    ORGC   365    24  2017     1     1  0.945990E+02  0.239092E+03  0.884705E+03  0.218618E+04  0.217857E+04  0.251355E+04  0.866630E+03  0.311414E+04  0.152093E+04  0.376311E+03  0.943631E+02
    ORGC   365    24  2018     1     1  0.924279E+02  0.243637E+03  0.879900E+03  0.206991E+04  0.206622E+04  0.249460E+04  0.858121E+03  0.310420E+04  0.151588E+04  0.376301E+03  0.943641E+02
    ORGC   365    24  2019     1     1  0.104048E+03  0.252600E+03  0.897050E+03  0.220207E+04  0.219363E+04  0.249939E+04  0.856496E+03  0.310282E+04  0.151242E+04  0.376290E+03  0.943703E+02
    ORGC   365    24  2020     1     1  0.173600E+02  0.221906E+03  0.845172E+03  0.210019E+04  0.209450E+04  0.247582E+04  0.849488E+03  0.309014E+04  0.150728E+04  0.376233E+03  0.943738E+02
    ORGC   365    24  2021     1     1  0.424364E+02  0.219564E+03  0.849402E+03  0.211475E+04  0.210937E+04  0.246805E+04  0.846482E+03  0.308213E+04  0.150435E+04  0.376169E+03  0.943752E+02
    ORGC   365    24  2022     1     1  0.781537E+01  0.209640E+03  0.821475E+03  0.204990E+04  0.204807E+04  0.244994E+04  0.841231E+03  0.307277E+04  0.150083E+04  0.376092E+03  0.943741E+02
