-0.033,-1.5,0.2,5.33,400,10,1,0,0,0,0,0,0,1,1,1,8,0,2,0
0.01,0.05,0.15,0.25,0.55,0.65,1.35,2.0
1.200000047683715,1.200000047683715,1.200000047683715,1.27999997138977,1.27999997138977,1.27999997138977,1.600000023841858,1.600000023841858
0.3270000076293945,0.3270000076293945,0.3270000076293945,0.3060000038146973,0.3060000038146973,0.3060000038146973,0.30700000762939456,0.305
0.19600000381469726,0.19600000381469726,0.19600000381469726,0.16600000381469726,0.16600000381469726,0.16600000381469726,0.19200000762939454,0.18899999618530272
32.4,32.4,32.4,32.4,32.4,32.4,9.720000171661377,9.720000171661377
32.4,32.4,32.4,32.4,32.4,32.4,9.720000171661377,9.720000171661377
69.00000095367432,69.00000095367432,69.00000095367432,69.00000095367432,69.00000095367432,69.00000095367432,263.99999618530273,263.99999618530273
620.9999847412109,620.9999847412109,620.9999847412109,630.9999847412109,630.9999847412109,630.9999847412109,435.99998474121094,435.99998474121094
0.01,0.01,0.01,0.01,0.0,0.0,0.0,0.0
0,0,0,0,0,0,0,0
6.699999809265137,6.699999809265137,6.699999809265137,7.0,7.0,7.0,7.900000095367432,8.199999809265137
24.5,24.5,24.5,15.0,15.0,15.0,15.0,15.0
2.5,2.5,2.5,2.5,2.5,2.5,2.5,2.5
26.099999999999998,26.099999999999998,26.099999999999998,7.249999999999999,7.249999999999999,7.249999999999999,2.9,1.45
0,0,0,0,0,0,0,0
-1,-1,-1,-1,-1,-1,-1,-1
-1,-1,-1,-1,-1,-1,-1,-1
3,3,3,3,3,3,3,3
12,12,12,12,12,12,12,12
10,10,10,10,10,10,10,10
-1,-1,-1,-1,-1,-1,-1,-1
-1,-1,-1,-1,-1,-1,-1,-1
40,40,40,40,40,40,40,40
120,120,120,120,120,120,120,120
23,23,23,23,23,23,23,23
39,39,39,39,39,39,39,39
48,48,48,48,48,48,48,48
35,35,35,35,35,35,35,35
50,50,50,50,50,50,50,50
50,50,50,50,50,50,50,50
50,50,50,50,50,50,50,50
50,50,50,50,50,50,50,50
1000,1000,1000,1000,1000,1000,1000,1000
2000,2000,2000,2000,2000,2000,2000,2000
0,0,0,0,0,0,0,0
0,0,0,0,0,0,0,0
0.025,0.025,0.025,0.025,0.025,0.025,0.025,0.025
0.25,0.25,0.25,0.25,0.25,0.25,0.25,0.25
0.25,0.25,0.25,0.25,0.25,0.25,0.25,0.25
0.6,0.6,0.6,0.6,0.6,0.6,0.6,0.6
0.16,0.16,0.16,0.16,0.16,0.16,0.16,0.16
3,3,3,3,3,3,3,3
1,1,1,1,1,1,1,1
0,0,0,0,0,0,0,0
45,45,45,45,45,45,45,45
1.5,1.5,1.5,1.5,1.5,1.5,1.5,1.5
0.15,0.15,0.15,0.15,0.15,0.15,0.15,0.15
0,0,0,0,0,0,0,0
0,0,0,0,0,0,0,0
0,0,0,0,0,0,0,0
0,0,0,0,0,0,0,0
0,0,0,0,0,0,0,0
0,0,0,0,0,0,0,0
