    ORGN   365    24  1995     1     1  0.199872E+02  0.290350E+02  0.798544E+02  0.197614E+03  0.138833E+03  0.229461E+03  0.778032E+02  0.322162E+03  0.159931E+03  0.397136E+02  0.994655E+01
    ORGN   365    24  1996     1     1  0.175048E+02  0.343000E+02  0.803922E+02  0.194473E+03  0.137027E+03  0.227271E+03  0.770898E+02  0.320578E+03  0.159582E+03  0.396953E+02  0.994143E+01
    ORGN   365    24  1997     1     1  0.189313E+02  0.410306E+02  0.809182E+02  0.192274E+03  0.135758E+03  0.225782E+03  0.766876E+02  0.319397E+03  0.159361E+03  0.396864E+02  0.994000E+01
    ORGN   365    24  1998     1     1  0.142386E+02  0.457923E+02  0.808381E+02  0.189906E+03  0.134306E+03  0.224019E+03  0.762783E+02  0.317998E+03  0.158737E+03  0.396797E+02  0.994044E+01
    ORGN   365    24  1999     1     1  0.171638E+02  0.457351E+02  0.799444E+02  0.188011E+03  0.133294E+03  0.222819E+03  0.758755E+02  0.317044E+03  0.158630E+03  0.396715E+02  0.994127E+01
    ORGN   365    24  2000     1     1  0.224348E+02  0.534349E+02  0.802058E+02  0.186080E+03  0.132270E+03  0.221432E+03  0.753892E+02  0.315962E+03  0.158227E+03  0.396618E+02  0.994146E+01
    ORGN   365    24  2001     1     1  0.202025E+02  0.555499E+02  0.804233E+02  0.184596E+03  0.131389E+03  0.220455E+03  0.751152E+02  0.315046E+03  0.158147E+03  0.396531E+02  0.994189E+01
    ORGN   365    24  2002     1     1  0.223520E+02  0.610051E+02  0.810678E+02  0.183003E+03  0.130461E+03  0.219478E+03  0.748409E+02  0.314118E+03  0.158004E+03  0.396431E+02  0.994161E+01
    ORGN   365    24  2003     1     1  0.184110E+02  0.661364E+02  0.823935E+02  0.181729E+03  0.129627E+03  0.218559E+03  0.745873E+02  0.313275E+03  0.157858E+03  0.396332E+02  0.994136E+01
    ORGN   365    24  2004     1     1  0.214508E+02  0.703420E+02  0.827779E+02  0.180460E+03  0.128903E+03  0.217387E+03  0.742043E+02  0.312228E+03  0.157379E+03  0.396229E+02  0.994112E+01
    ORGN   365    24  2005     1     1  0.226223E+02  0.713515E+02  0.820843E+02  0.178841E+03  0.127913E+03  0.216438E+03  0.739170E+02  0.311459E+03  0.157348E+03  0.396131E+02  0.994131E+01
    ORGN   365    24  2006     1     1  0.248308E+02  0.786744E+02  0.842265E+02  0.177998E+03  0.127512E+03  0.215357E+03  0.735197E+02  0.310558E+03  0.157234E+03  0.396017E+02  0.994113E+01
    ORGN   365    24  2007     1     1  0.190156E+02  0.828465E+02  0.845936E+02  0.176229E+03  0.126299E+03  0.214389E+03  0.733141E+02  0.309820E+03  0.157180E+03  0.395933E+02  0.994131E+01
    ORGN   365    24  2008     1     1  0.121611E+02  0.708306E+02  0.104700E+03  0.175936E+03  0.125505E+03  0.213486E+03  0.730124E+02  0.309067E+03  0.157060E+03  0.395858E+02  0.994188E+01
