    ORGC   365    24  1995     1     1  0.475268E+03  0.429946E+03  0.105864E+04  0.256475E+04  0.167230E+04  0.234434E+04  0.804813E+03  0.285771E+04  0.131155E+04  0.318066E+03  0.796424E+02
    ORGC   365    24  1996     1     1  0.535833E+03  0.502233E+03  0.106636E+04  0.252804E+04  0.165096E+04  0.232135E+04  0.794754E+03  0.284282E+04  0.130770E+04  0.318055E+03  0.796204E+02
    ORGC   365    24  1997     1     1  0.552548E+03  0.619803E+03  0.107907E+04  0.250147E+04  0.163646E+04  0.230844E+04  0.791439E+03  0.283334E+04  0.130725E+04  0.318077E+03  0.796147E+02
    ORGC   365    24  1998     1     1  0.221529E+03  0.657029E+03  0.108007E+04  0.247323E+04  0.161944E+04  0.228695E+04  0.785960E+03  0.281818E+04  0.129815E+04  0.318093E+03  0.796207E+02
    ORGC   365    24  1999     1     1  0.679511E+03  0.660730E+03  0.106627E+04  0.244871E+04  0.160746E+04  0.227786E+04  0.782297E+03  0.281243E+04  0.130009E+04  0.318080E+03  0.796284E+02
    ORGC   365    24  2000     1     1  0.301745E+03  0.774367E+03  0.107937E+04  0.242912E+04  0.159870E+04  0.226353E+04  0.777011E+03  0.280222E+04  0.129527E+04  0.318047E+03  0.796306E+02
    ORGC   365    24  2001     1     1  0.533104E+03  0.823343E+03  0.107839E+04  0.240749E+04  0.158658E+04  0.225586E+04  0.775425E+03  0.279563E+04  0.129778E+04  0.318021E+03  0.796344E+02
    ORGC   365    24  2002     1     1  0.638164E+03  0.932421E+03  0.109717E+04  0.238802E+04  0.157641E+04  0.224728E+04  0.773216E+03  0.278774E+04  0.129895E+04  0.317988E+03  0.796324E+02
    ORGC   365    24  2003     1     1  0.497559E+03  0.100471E+04  0.111971E+04  0.237222E+04  0.156614E+04  0.223839E+04  0.770993E+03  0.278161E+04  0.129992E+04  0.317957E+03  0.796305E+02
    ORGC   365    24  2004     1     1  0.305259E+03  0.103668E+04  0.113161E+04  0.236174E+04  0.156130E+04  0.222472E+04  0.765243E+03  0.277003E+04  0.129178E+04  0.317916E+03  0.796288E+02
    ORGC   365    24  2005     1     1  0.611047E+03  0.107192E+04  0.111635E+04  0.233808E+04  0.154780E+04  0.221844E+04  0.764875E+03  0.276649E+04  0.129543E+04  0.317869E+03  0.796303E+02
    ORGC   365    24  2006     1     1  0.308793E+03  0.114600E+04  0.115100E+04  0.232929E+04  0.154432E+04  0.220450E+04  0.758849E+03  0.275749E+04  0.129526E+04  0.317809E+03  0.796290E+02
    ORGC   365    24  2007     1     1  0.367254E+03  0.122740E+04  0.115398E+04  0.230320E+04  0.152735E+04  0.219691E+04  0.758597E+03  0.275329E+04  0.129641E+04  0.317788E+03  0.796305E+02
    ORGC   365    24  2008     1     1  0.357671E+03  0.108212E+04  0.153031E+04  0.231260E+04  0.152081E+04  0.219003E+04  0.756124E+03  0.274747E+04  0.129679E+04  0.317780E+03  0.796352E+02
