-0.033,-1.5,0.2,5.33,400,10,1,0,0,0,0,0,0,1,1,1,8,0,2,0
0.01,0.05,0.15,0.25,0.55,0.65,1.35,2.0
1.399999976158142,1.399999976158142,1.399999976158142,1.299999952316284,1.350000023841858,1.350000023841858,1.399999976158142,1.350000023841858
0.34,0.34,0.34,0.3240000152587891,0.32,0.32,0.3060000038146973,0.28100000381469725
0.21899999618530275,0.21899999618530275,0.21899999618530275,0.19200000762939454,0.185,0.185,0.16299999237060547,0.12699999809265136
9.720000171661377,9.720000171661377,9.720000171661377,9.720000171661377,9.720000171661377,9.720000171661377,9.720000171661377,32.4
9.720000171661377,9.720000171661377,9.720000171661377,9.720000171661377,9.720000171661377,9.720000171661377,9.720000171661377,32.4
70.0,70.0,70.0,60.0,50.0,50.0,80.0,80.0
610.0,610.0,610.0,620.0,630.0,630.0,640.0,690.0
0.01,0.01,0.01,0.01,0.0,0.0,0.0,0.0
0,0,0,0,0,0,0,0
6.599999904632568,6.599999904632568,6.599999904632568,6.599999904632568,7.0,7.0,7.599999904632568,8.199999809265137
24.899999618530273,24.899999618530273,24.899999618530273,22.299999237060547,25.600000381469727,25.600000381469727,17.600000381469727,15.199999809265137
2.5,2.5,2.5,2.5,2.5,2.5,2.5,2.5
18.849999999999998,18.849999999999998,18.849999999999998,13.049999999999999,5.8,5.8,2.9,1.45
0,0,0,0,0,0,0,0
-1,-1,-1,-1,-1,-1,-1,-1
-1,-1,-1,-1,-1,-1,-1,-1
3,3,3,3,3,3,3,3
12,12,12,12,12,12,12,12
10,10,10,10,10,10,10,10
-1,-1,-1,-1,-1,-1,-1,-1
-1,-1,-1,-1,-1,-1,-1,-1
40,40,40,40,40,40,40,40
120,120,120,120,120,120,120,120
23,23,23,23,23,23,23,23
39,39,39,39,39,39,39,39
48,48,48,48,48,48,48,48
35,35,35,35,35,35,35,35
50,50,50,50,50,50,50,50
50,50,50,50,50,50,50,50
50,50,50,50,50,50,50,50
50,50,50,50,50,50,50,50
1000,1000,1000,1000,1000,1000,1000,1000
2000,2000,2000,2000,2000,2000,2000,2000
0,0,0,0,0,0,0,0
0,0,0,0,0,0,0,0
0.025,0.025,0.025,0.025,0.025,0.025,0.025,0.025
0.25,0.25,0.25,0.25,0.25,0.25,0.25,0.25
0.25,0.25,0.25,0.25,0.25,0.25,0.25,0.25
0.6,0.6,0.6,0.6,0.6,0.6,0.6,0.6
0.16,0.16,0.16,0.16,0.16,0.16,0.16,0.16
3,3,3,3,3,3,3,3
1,1,1,1,1,1,1,1
0,0,0,0,0,0,0,0
45,45,45,45,45,45,45,45
1.5,1.5,1.5,1.5,1.5,1.5,1.5,1.5
0.15,0.15,0.15,0.15,0.15,0.15,0.15,0.15
0,0,0,0,0,0,0,0
0,0,0,0,0,0,0,0
0,0,0,0,0,0,0,0
0,0,0,0,0,0,0,0
0,0,0,0,0,0,0,0
0,0,0,0,0,0,0,0
