    ORGN   365    24  1995     1     1  0.318161E+02  0.234263E+02  0.775100E+02  0.193222E+03  0.196873E+03  0.609540E+03  0.206342E+03  0.742255E+03  0.692463E+03  0.228186E+03  0.570812E+02
    ORGN   365    24  1996     1     1  0.381326E+02  0.372029E+02  0.785863E+02  0.190086E+03  0.194317E+03  0.603951E+03  0.205153E+03  0.739135E+03  0.690915E+03  0.228029E+03  0.570748E+02
    ORGN   365    24  1997     1     1  0.106416E+03  0.511514E+02  0.805299E+02  0.187298E+03  0.191500E+03  0.551929E+03  0.160439E+03  0.735800E+03  0.688408E+03  0.227784E+03  0.570756E+02
    ORGN   365    24  1998     1     1  0.398205E+02  0.501602E+02  0.803310E+02  0.183993E+03  0.188722E+03  0.546258E+03  0.158947E+03  0.731763E+03  0.685725E+03  0.227448E+03  0.570774E+02
    ORGN   365    24  1999     1     1  0.417007E+02  0.489951E+02  0.801196E+02  0.181730E+03  0.186559E+03  0.541371E+03  0.157557E+03  0.728278E+03  0.682834E+03  0.227079E+03  0.570791E+02
    ORGN   365    24  2000     1     1  0.342968E+02  0.562324E+02  0.804308E+02  0.179987E+03  0.185075E+03  0.537578E+03  0.156600E+03  0.725077E+03  0.680412E+03  0.226700E+03  0.570779E+02
    ORGN   365    24  2001     1     1  0.319064E+02  0.541084E+02  0.781365E+02  0.176562E+03  0.182100E+03  0.531828E+03  0.154935E+03  0.720919E+03  0.677546E+03  0.226243E+03  0.570761E+02
    ORGN   365    24  2002     1     1  0.344353E+02  0.558049E+02  0.768801E+02  0.174278E+03  0.180365E+03  0.527712E+03  0.153855E+03  0.717652E+03  0.674616E+03  0.225820E+03  0.570719E+02
    ORGN   365    24  2003     1     1  0.359127E+02  0.600165E+02  0.769756E+02  0.172016E+03  0.178356E+03  0.523308E+03  0.152546E+03  0.714185E+03  0.671621E+03  0.225384E+03  0.570660E+02
    ORGN   365    24  2004     1     1  0.228377E+02  0.591256E+02  0.748744E+02  0.169035E+03  0.175979E+03  0.518348E+03  0.151295E+03  0.710241E+03  0.668189E+03  0.224918E+03  0.570626E+02
    ORGN   365    24  2005     1     1  0.316651E+02  0.577854E+02  0.736779E+02  0.167158E+03  0.174515E+03  0.514511E+03  0.150280E+03  0.707118E+03  0.665648E+03  0.224492E+03  0.570546E+02
    ORGN   365    24  2006     1     1  0.233678E+02  0.587763E+02  0.716390E+02  0.163917E+03  0.171784E+03  0.508708E+03  0.148602E+03  0.702488E+03  0.661724E+03  0.223949E+03  0.570425E+02
    ORGN   365    24  2007     1     1  0.254912E+02  0.615813E+02  0.719537E+02  0.162661E+03  0.170674E+03  0.505206E+03  0.147691E+03  0.699320E+03  0.659070E+03  0.223491E+03  0.570329E+02
    ORGN   365    24  2008     1     1  0.120976E+02  0.538581E+02  0.863385E+02  0.160004E+03  0.168184E+03  0.500313E+03  0.146163E+03  0.695310E+03  0.655611E+03  0.222997E+03  0.570232E+02
    ORGN   365    24  2009     1     1  0.178401E+02  0.503593E+02  0.973622E+02  0.159758E+03  0.167141E+03  0.497225E+03  0.145427E+03  0.692764E+03  0.653512E+03  0.222609E+03  0.570133E+02
    ORGN   365    24  2010     1     1  0.800030E+01  0.288085E+02  0.821056E+02  0.184695E+03  0.186722E+03  0.492829E+03  0.144028E+03  0.689242E+03  0.650495E+03  0.222154E+03  0.569993E+02
    ORGN   365    24  2011     1     1  0.143961E+02  0.236643E+02  0.809047E+02  0.195931E+03  0.195764E+03  0.492012E+03  0.143710E+03  0.687420E+03  0.649060E+03  0.221775E+03  0.569841E+02
    ORGN   365    24  2012     1     1  0.172965E+03  0.564583E+02  0.147256E+03  0.363621E+03  0.356170E+03  0.495066E+03  0.125054E+03  0.412659E+03  0.193509E+03  0.221352E+03  0.569661E+02
    ORGN   365    24  2013     1     1  0.588754E+02  0.570497E+02  0.123498E+03  0.233898E+03  0.225222E+03  0.500633E+03  0.125307E+03  0.410809E+03  0.191860E+03  0.220993E+03  0.569515E+02
    ORGN   365    24  2014     1     1           NaN           NaN           NaN           NaN           NaN           NaN           NaN           NaN           NaN           NaN           NaN
    ORGN   365    24  2015     1     1           NaN           NaN           NaN           NaN           NaN           NaN           NaN           NaN           NaN           NaN           NaN
    ORGN   365    24  2016     1     1           NaN           NaN           NaN           NaN           NaN           NaN           NaN           NaN           NaN           NaN           NaN
    ORGN   365    24  2017     1     1           NaN           NaN           NaN           NaN           NaN           NaN           NaN           NaN           NaN           NaN           NaN
    ORGN   365    24  2018     1     1           NaN           NaN           NaN           NaN           NaN           NaN           NaN           NaN           NaN           NaN           NaN
    ORGN   365    24  2019     1     1           NaN           NaN           NaN           NaN           NaN           NaN           NaN           NaN           NaN           NaN           NaN
    ORGN   365    24  2020     1     1           NaN           NaN           NaN           NaN           NaN           NaN           NaN           NaN           NaN           NaN           NaN
    ORGN   365    24  2021     1     1           NaN           NaN           NaN           NaN           NaN           NaN           NaN           NaN           NaN           NaN           NaN
    ORGN   365    24  2022     1     1           NaN           NaN           NaN           NaN           NaN           NaN           NaN           NaN           NaN           NaN           NaN
