    ORGC   365    24  1995     1     1  0.219687E+03  0.311557E+03  0.100628E+04  0.247304E+04  0.250467E+04  0.768989E+04  0.260262E+04  0.784093E+04  0.731150E+04  0.182576E+04  0.456675E+03
    ORGC   365    24  1996     1     1  0.556033E+03  0.503845E+03  0.102553E+04  0.244577E+04  0.248252E+04  0.763424E+04  0.259095E+04  0.781584E+04  0.730138E+04  0.182467E+04  0.456645E+03
    ORGC   365    24  1997     1     1  0.276997E+03  0.518133E+03  0.103557E+04  0.240601E+04  0.244422E+04  0.756217E+04  0.256888E+04  0.777706E+04  0.726946E+04  0.182287E+04  0.456658E+03
    ORGC   365    24  1998     1     1  0.417855E+03  0.587961E+03  0.101693E+04  0.236415E+04  0.240978E+04  0.749027E+04  0.254918E+04  0.773425E+04  0.724212E+04  0.182025E+04  0.456675E+03
    ORGC   365    24  1999     1     1  0.282951E+03  0.603805E+03  0.102321E+04  0.233588E+04  0.238310E+04  0.743029E+04  0.253075E+04  0.769703E+04  0.721003E+04  0.181741E+04  0.456692E+03
    ORGC   365    24  2000     1     1  0.536077E+03  0.750246E+03  0.104192E+04  0.231992E+04  0.236946E+04  0.738765E+04  0.252049E+04  0.766873E+04  0.719053E+04  0.181453E+04  0.456683E+03
    ORGC   365    24  2001     1     1  0.225685E+03  0.697461E+03  0.101707E+04  0.227071E+04  0.232566E+04  0.730580E+04  0.249549E+04  0.762085E+04  0.715151E+04  0.181085E+04  0.456668E+03
    ORGC   365    24  2002     1     1  0.582290E+03  0.748020E+03  0.100887E+04  0.224718E+04  0.230766E+04  0.725874E+04  0.248388E+04  0.759001E+04  0.712864E+04  0.180760E+04  0.456635E+03
    ORGC   365    24  2003     1     1  0.262846E+03  0.778471E+03  0.101021E+04  0.221705E+04  0.228054E+04  0.719940E+04  0.246471E+04  0.755159E+04  0.709554E+04  0.180418E+04  0.456586E+03
    ORGC   365    24  2004     1     1  0.113926E+03  0.760127E+03  0.981123E+03  0.217705E+04  0.224837E+04  0.713384E+04  0.244590E+04  0.750880E+04  0.705953E+04  0.180048E+04  0.456558E+03
    ORGC   365    24  2005     1     1  0.618000E+03  0.765727E+03  0.970094E+03  0.215756E+04  0.223341E+04  0.708914E+04  0.243421E+04  0.747996E+04  0.703798E+04  0.179721E+04  0.456494E+03
    ORGC   365    24  2006     1     1  0.241457E+03  0.779210E+03  0.941641E+03  0.211190E+04  0.219426E+04  0.700817E+04  0.240834E+04  0.742601E+04  0.699262E+04  0.179273E+04  0.456390E+03
    ORGC   365    24  2007     1     1  0.696036E+03  0.848391E+03  0.949934E+03  0.209981E+04  0.218423E+04  0.696835E+04  0.239833E+04  0.739759E+04  0.697001E+04  0.178923E+04  0.456315E+03
    ORGC   365    24  2008     1     1  0.126443E+03  0.723134E+03  0.112969E+04  0.205976E+04  0.214791E+04  0.689815E+04  0.237557E+04  0.735185E+04  0.693066E+04  0.178528E+04  0.456235E+03
    ORGC   365    24  2009     1     1  0.369772E+03  0.720503E+03  0.135127E+04  0.206675E+04  0.213977E+04  0.686445E+04  0.236865E+04  0.733053E+04  0.691456E+04  0.178239E+04  0.456161E+03
    ORGC   365    24  2010     1     1  0.693953E+02  0.378189E+03  0.106303E+04  0.236200E+04  0.238373E+04  0.680226E+04  0.234730E+04  0.728970E+04  0.687827E+04  0.177874E+04  0.456046E+03
    ORGC   365    24  2011     1     1  0.137599E+03  0.307460E+03  0.104383E+04  0.251421E+04  0.251248E+04  0.680021E+04  0.234970E+04  0.728346E+04  0.687648E+04  0.177590E+04  0.455927E+03
    ORGC   365    24  2012     1     1  0.509572E+02  0.275849E+03  0.100482E+04  0.247420E+04  0.247041E+04  0.676100E+04  0.233329E+04  0.725443E+04  0.684813E+04  0.177261E+04  0.455783E+03
    ORGC   365    24  2013     1     1  0.401835E+03  0.386482E+03  0.115395E+04  0.241565E+04  0.239277E+04  0.672252E+04  0.232641E+04  0.723665E+04  0.683326E+04  0.176994E+04  0.455668E+03
    ORGC   365    24  2014     1     1           NaN           NaN           NaN           NaN           NaN           NaN           NaN           NaN           NaN           NaN           NaN
    ORGC   365    24  2015     1     1           NaN           NaN           NaN           NaN           NaN           NaN           NaN           NaN           NaN           NaN           NaN
    ORGC   365    24  2016     1     1           NaN           NaN           NaN           NaN           NaN           NaN           NaN           NaN           NaN           NaN           NaN
    ORGC   365    24  2017     1     1           NaN           NaN           NaN           NaN           NaN           NaN           NaN           NaN           NaN           NaN           NaN
    ORGC   365    24  2018     1     1           NaN           NaN           NaN           NaN           NaN           NaN           NaN           NaN           NaN           NaN           NaN
    ORGC   365    24  2019     1     1           NaN           NaN           NaN           NaN           NaN           NaN           NaN           NaN           NaN           NaN           NaN
    ORGC   365    24  2020     1     1           NaN           NaN           NaN           NaN           NaN           NaN           NaN           NaN           NaN           NaN           NaN
    ORGC   365    24  2021     1     1           NaN           NaN           NaN           NaN           NaN           NaN           NaN           NaN           NaN           NaN           NaN
    ORGC   365    24  2022     1     1           NaN           NaN           NaN           NaN           NaN           NaN           NaN           NaN           NaN           NaN           NaN
