-0.033,-1.5,0.2,5.33,400,10,1,0,0,0,0,0,0,1,1,1,8,0,2,0
0.01,0.05,0.15,0.25,0.55,0.65,1.35,2.0
1.5,1.5,1.5,1.5,1.5,1.5,1.5499999523162842,1.5499999523162842
0.3170000076293945,0.3170000076293945,0.3170000076293945,0.3170000076293945,0.3170000076293945,0.3170000076293945,0.3160000038146973,0.3160000038146973
0.17899999618530274,0.17899999618530274,0.17899999618530274,0.17899999618530274,0.17899999618530274,0.17899999618530274,0.17899999618530274,0.17899999618530274
32.4,32.4,32.4,32.4,32.4,32.4,32.4,32.4
32.4,32.4,32.4,32.4,32.4,32.4,32.4,32.4
150.0,150.0,150.0,150.0,150.0,150.0,150.0,150.0
620.0,620.0,620.0,620.0,620.0,620.0,590.0,590.0
0.01,0.01,0.01,0.01,0.0,0.0,0.0,0.0
0,0,0,0,0,0,0,0
6.5,6.5,6.5,6.5,6.5,6.5,6.5,6.5
19.600000381469727,19.600000381469727,19.600000381469727,19.600000381469727,19.600000381469727,19.600000381469727,21.200000762939453,21.200000762939453
2.5,2.5,2.5,2.5,2.5,2.5,2.5,2.5
17.4,17.4,17.4,17.4,17.4,17.4,7.249999999999999,7.249999999999999
0,0,0,0,0,0,0,0
-1,-1,-1,-1,-1,-1,-1,-1
-1,-1,-1,-1,-1,-1,-1,-1
3,3,3,3,3,3,3,3
12,12,12,12,12,12,12,12
10,10,10,10,10,10,10,10
-1,-1,-1,-1,-1,-1,-1,-1
-1,-1,-1,-1,-1,-1,-1,-1
40,40,40,40,40,40,40,40
120,120,120,120,120,120,120,120
23,23,23,23,23,23,23,23
39,39,39,39,39,39,39,39
48,48,48,48,48,48,48,48
35,35,35,35,35,35,35,35
50,50,50,50,50,50,50,50
50,50,50,50,50,50,50,50
50,50,50,50,50,50,50,50
50,50,50,50,50,50,50,50
1000,1000,1000,1000,1000,1000,1000,1000
2000,2000,2000,2000,2000,2000,2000,2000
0,0,0,0,0,0,0,0
0,0,0,0,0,0,0,0
0.025,0.025,0.025,0.025,0.025,0.025,0.025,0.025
0.25,0.25,0.25,0.25,0.25,0.25,0.25,0.25
0.25,0.25,0.25,0.25,0.25,0.25,0.25,0.25
0.6,0.6,0.6,0.6,0.6,0.6,0.6,0.6
0.16,0.16,0.16,0.16,0.16,0.16,0.16,0.16
3,3,3,3,3,3,3,3
1,1,1,1,1,1,1,1
0,0,0,0,0,0,0,0
45,45,45,45,45,45,45,45
1.5,1.5,1.5,1.5,1.5,1.5,1.5,1.5
0.15,0.15,0.15,0.15,0.15,0.15,0.15,0.15
0,0,0,0,0,0,0,0
0,0,0,0,0,0,0,0
0,0,0,0,0,0,0,0
0,0,0,0,0,0,0,0
0,0,0,0,0,0,0,0
0,0,0,0,0,0,0,0
