 3652003   2  0.47382576E+001  0.00000000E+000  0.79509876E-003 -0.51751224E+000  0.24626739E+002  0.14676530E+002  0.20160640E+002  0.29731357E+001  0.35405360E+000  0.10532567E+002  0.41455061E+001  0.30499952E+001  0.16774974E+001  0.24145795E+000  0.24145795E+000
  0.00000000E+000  0.00000000E+000  0.50526850E+000  0.23004225E-001  0.23004225E-002  0.20582579E-001  0.20000000E-001  0.00000000E+000  0.14000000E+002  0.15502032E+002  0.32720861E+000
 3652003   2  0.47382576E+001
 3652003   2  0.19300155E+001
 3652003   2  0.24974158E+000
 3652003   2  0.00000000E+000
 3652003   2  0.00000000E+000
 3652003   2  0.00000000E+000
 3652003   2  0.24626739E+002
 3652003   2  0.10532567E+002
 3652003   2  0.00000000E+000
 3652003   2  0.41455061E+001
 3652003   2  0.30499952E+001
 3652003   2  0.30499952E+001
 3652003   2  0.16774974E+001
 3652003   2  0.24145795E+000
 3652003   2  0.24145795E+000
 3652003   2  0.00000000E+000
 3652003   2  0.14676530E+002
 3652003   2  0.29731357E+001
 3652003   2  0.86335973E+000
 3652003   2  0.00000000E+000
 3652003   2  0.10363765E+000
 3652003   2  0.30499952E-001
 3652003   2  0.33549947E-001
 3652003   2  0.60364489E-002
 3652003   2  0.60364489E-002
 3652003   2  0.00000000E+000
 3652003   2  0.35405360E+000
 3652003   2  0.86335973E-001
 3652003   2  0.00000000E+000
 3652003   2  0.10363765E-001
 3652003   2  0.30499952E-002
 3652003   2  0.33549947E-002
 3652003   2  0.60364489E-003
 3652003   2  0.60364489E-003
 3652003   2  0.00000000E+000
 3652003   2  0.22793577E+002
 3652003   2  0.00000000E+000
 3652003   2  0.00000000E+000
 3652003   2  0.56092957E+000
 3652003   2  0.00000000E+000
 3652003   2  0.00000000E+000
 3652003   2  0.00000000E+000
 3652003   2  0.00000000E+000
 3652003   2  0.00000000E+000
 3652003   2  0.00000000E+000
 3652003   2  0.00000000E+000
 3652003   2  0.00000000E+000
 3652003   2  0.00000000E+000
 3652003   2  0.00000000E+000
 3652003   2  0.00000000E+000
 3652003   2  0.00000000E+000
 3652003   2  0.00000000E+000
 3652003   2  0.00000000E+000
 3652003   2  0.00000000E+000
 3652003   2  0.00000000E+000
 3652003   2  0.00000000E+000
 3652003   2  0.77394074E-002  0.58656430E-001  0.61167549E-001  0.61860441E-001  0.62031704E-001  0.62193383E-001  0.62197754E-001  0.62027375E-001  0.61470365E-001  0.61585166E-001
 3652003   2  0.45657738E-001  0.47774680E-002  0.00000000E+000  0.00000000E+000  0.00000000E+000  0.00000000E+000  0.00000000E+000  0.00000000E+000  0.00000000E+000  0.00000000E+000
 3652018   2  0.72669770E+001  0.00000000E+000  0.78895791E-003 -0.10701505E+001  0.22662406E+002  0.13950655E+002  0.64956920E+001  0.14445174E+001  0.17885375E+000  0.99764722E+001  0.39744630E+001  0.84555740E+000  0.46505657E+000  0.66939961E-001  0.66939961E-001
  0.00000000E+000  0.00000000E+000  0.69329048E+000  0.37608617E-001  0.37608617E-002  0.20021482E-001  0.20000000E-001  0.46000000E+002  0.17000000E+002  0.24458975E+001  0.21653819E+000
 3652018   2  0.72669770E+001
 3652018   2  0.68324909E+000
 3652018   2  0.10272692E+000
 3652018   2  0.00000000E+000
 3652018   2  0.00000000E+000
 3652018   2  0.00000000E+000
 3652018   2  0.22662406E+002
 3652018   2  0.99764722E+001
 3652018   2  0.00000000E+000
 3652018   2  0.39744630E+001
 3652018   2  0.84555740E+000
 3652018   2  0.84555740E+000
 3652018   2  0.46505657E+000
 3652018   2  0.66939961E-001
 3652018   2  0.66939961E-001
 3652018   2  0.00000000E+000
 3652018   2  0.13950655E+002
 3652018   2  0.14445174E+001
 3652018   2  0.64080306E+000
 3652018   2  0.00000000E+000
 3652018   2  0.99361575E-001
 3652018   2  0.84555740E-002
 3652018   2  0.93011314E-002
 3652018   2  0.16734990E-002
 3652018   2  0.16734990E-002
 3652018   2  0.00000000E+000
 3652018   2  0.17885375E+000
 3652018   2  0.64080306E-001
 3652018   2  0.00000000E+000
 3652018   2  0.99361575E-002
 3652018   2  0.84555740E-003
 3652018   2  0.93011314E-003
 3652018   2  0.16734990E-003
 3652018   2  0.16734990E-003
 3652018   2  0.00000000E+000
 3652018   2  0.00000000E+000
 3652018   2  0.00000000E+000
 3652018   2  0.00000000E+000
 3652018   2  0.35699747E+000
 3652018   2  0.00000000E+000
 3652018   2  0.00000000E+000
 3652018   2  0.00000000E+000
 3652018   2  0.00000000E+000
 3652018   2  0.00000000E+000
 3652018   2  0.00000000E+000
 3652018   2  0.00000000E+000
 3652018   2  0.00000000E+000
 3652018   2  0.00000000E+000
 3652018   2  0.00000000E+000
 3652018   2  0.00000000E+000
 3652018   2  0.00000000E+000
 3652018   2  0.00000000E+000
 3652018   2  0.00000000E+000
 3652018   2  0.00000000E+000
 3652018   2  0.00000000E+000
 3652018   2  0.00000000E+000
 3652018   2  0.15036559E-001  0.37950814E-001  0.38222305E-001  0.37980189E-001  0.37986411E-001  0.38056780E-001  0.37939312E-001  0.37973353E-001  0.38020424E-001  0.37831320E-001
 3652018   2  0.19930248E-001  0.00000000E+000  0.00000000E+000  0.00000000E+000  0.00000000E+000  0.00000000E+000  0.00000000E+000  0.00000000E+000  0.00000000E+000  0.00000000E+000
