    ORGC   365    24  1995     1     1  0.377005E+03  0.321736E+03  0.641650E+03  0.149856E+04  0.153709E+04  0.135964E+04  0.475094E+03  0.315152E+04  0.154011E+04  0.376982E+03  0.944217E+02
    ORGC   365    24  1996     1     1  0.238975E+03  0.419661E+03  0.666336E+03  0.148277E+04  0.152267E+04  0.135596E+04  0.474076E+03  0.313819E+04  0.153752E+04  0.376955E+03  0.944010E+02
    ORGC   365    24  1997     1     1  0.481331E+03  0.519597E+03  0.685321E+03  0.147213E+04  0.151597E+04  0.135668E+04  0.476338E+03  0.313542E+04  0.154457E+04  0.376951E+03  0.943936E+02
    ORGC   365    24  1998     1     1  0.209185E+03  0.567069E+03  0.700800E+03  0.145083E+04  0.149271E+04  0.134103E+04  0.466686E+03  0.312071E+04  0.153241E+04  0.376963E+03  0.943932E+02
    ORGC   365    24  1999     1     1  0.561673E+03  0.607473E+03  0.720732E+03  0.145724E+04  0.149640E+04  0.133474E+04  0.463119E+03  0.310966E+04  0.152707E+04  0.376940E+03  0.943966E+02
    ORGC   365    24  2000     1     1  0.267840E+03  0.706387E+03  0.738243E+03  0.144021E+04  0.147505E+04  0.132749E+04  0.459778E+03  0.309624E+04  0.152076E+04  0.376871E+03  0.943964E+02
    ORGC   365    24  2001     1     1  0.392971E+03  0.837619E+03  0.771298E+03  0.143806E+04  0.147404E+04  0.132951E+04  0.464217E+03  0.309106E+04  0.152741E+04  0.376830E+03  0.944008E+02
    ORGC   365    24  2002     1     1  0.243412E+03  0.871384E+03  0.794939E+03  0.143642E+04  0.146639E+04  0.132649E+04  0.463274E+03  0.308353E+04  0.152460E+04  0.376791E+03  0.944011E+02
    ORGC   365    24  2003     1     1  0.623425E+03  0.954665E+03  0.816020E+03  0.143850E+04  0.146836E+04  0.133187E+04  0.466674E+03  0.308381E+04  0.153531E+04  0.376754E+03  0.944000E+02
    ORGC   365    24  2004     1     1  0.257857E+03  0.990179E+03  0.825213E+03  0.141877E+04  0.144482E+04  0.132295E+04  0.459452E+03  0.306720E+04  0.152361E+04  0.376709E+03  0.943979E+02
    ORGC   365    24  2005     1     1  0.525384E+03  0.109140E+04  0.848367E+03  0.142008E+04  0.144766E+04  0.132169E+04  0.461205E+03  0.306259E+04  0.152826E+04  0.376668E+03  0.943993E+02
    ORGC   365    24  2006     1     1  0.277955E+03  0.112964E+04  0.875680E+03  0.141428E+04  0.143577E+04  0.131247E+04  0.456961E+03  0.305197E+04  0.151887E+04  0.376623E+03  0.943977E+02
    ORGC   365    24  2007     1     1  0.428110E+03  0.122700E+04  0.895415E+03  0.140829E+04  0.142987E+04  0.131329E+04  0.460173E+03  0.305003E+04  0.152717E+04  0.376581E+03  0.944008E+02
    ORGC   365    24  2008     1     1  0.346649E+03  0.109497E+04  0.133311E+04  0.143259E+04  0.142878E+04  0.131023E+04  0.457959E+03  0.304254E+04  0.152645E+04  0.376557E+03  0.944025E+02
    ORGC   365    24  2009     1     1  0.207667E+03  0.110680E+04  0.120023E+04  0.143017E+04  0.141949E+04  0.130945E+04  0.457231E+03  0.303589E+04  0.152157E+04  0.376527E+03  0.944022E+02
    ORGC   365    24  2010     1     1  0.501449E+03  0.117950E+04  0.118390E+04  0.142015E+04  0.141331E+04  0.130543E+04  0.456128E+03  0.303008E+04  0.152200E+04  0.376481E+03  0.944063E+02
    ORGC   365    24  2011     1     1  0.290169E+03  0.118764E+04  0.118315E+04  0.141230E+04  0.140190E+04  0.130248E+04  0.452740E+03  0.302205E+04  0.151591E+04  0.376413E+03  0.944046E+02
    ORGC   365    24  2012     1     1  0.521753E+03  0.119045E+04  0.116364E+04  0.140758E+04  0.140461E+04  0.131379E+04  0.465136E+03  0.302686E+04  0.152668E+04  0.376328E+03  0.944032E+02
    ORGC   365    24  2013     1     1  0.238912E+03  0.125634E+04  0.116978E+04  0.139138E+04  0.138630E+04  0.129996E+04  0.458585E+03  0.301558E+04  0.151841E+04  0.376276E+03  0.944016E+02
    ORGC   365    24  2014     1     1  0.461574E+03  0.109883E+04  0.155944E+04  0.142771E+04  0.139561E+04  0.130332E+04  0.463978E+03  0.302722E+04  0.153501E+04  0.376242E+03  0.944003E+02
    ORGC   365    24  2015     1     1  0.260761E+03  0.112336E+04  0.142998E+04  0.140725E+04  0.138004E+04  0.129819E+04  0.457348E+03  0.301491E+04  0.153087E+04  0.376246E+03  0.943989E+02
    ORGC   365    24  2016     1     1  0.312013E+03  0.104072E+04  0.172846E+04  0.142394E+04  0.137868E+04  0.129983E+04  0.459153E+03  0.300861E+04  0.153318E+04  0.376238E+03  0.943975E+02
    ORGC   365    24  2017     1     1  0.202524E+03  0.104261E+04  0.161739E+04  0.141490E+04  0.136892E+04  0.129332E+04  0.454223E+03  0.299805E+04  0.152019E+04  0.376229E+03  0.943962E+02
    ORGC   365    24  2018     1     1  0.290093E+03  0.988821E+03  0.189917E+04  0.142703E+04  0.137103E+04  0.130251E+04  0.462916E+03  0.300193E+04  0.153039E+04  0.376197E+03  0.943952E+02
    ORGC   365    24  2019     1     1  0.162433E+03  0.951397E+03  0.171366E+04  0.139964E+04  0.134678E+04  0.128625E+04  0.452922E+03  0.298403E+04  0.151716E+04  0.376180E+03  0.943951E+02
    ORGC   365    24  2020     1     1  0.611193E+03  0.101779E+04  0.168919E+04  0.139792E+04  0.135164E+04  0.128756E+04  0.455551E+03  0.298262E+04  0.152380E+04  0.376134E+03  0.943967E+02
    ORGC   365    24  2021     1     1  0.261367E+03  0.106741E+04  0.168152E+04  0.138389E+04  0.133810E+04  0.128391E+04  0.451608E+03  0.297464E+04  0.151405E+04  0.376086E+03  0.943974E+02
    ORGC   365    24  2022     1     1  0.430634E+03  0.100382E+04  0.197007E+04  0.140924E+04  0.134164E+04  0.128517E+04  0.453069E+03  0.296871E+04  0.151746E+04  0.376009E+03  0.943970E+02
