    ORGN   365    24  1995     1     1  0.991362E+01  0.210388E+02  0.519885E+02  0.125788E+03  0.130127E+03  0.151135E+03  0.514382E+02  0.355568E+03  0.188942E+03  0.470748E+02  0.117930E+02
    ORGN   365    24  1996     1     1  0.258445E+02  0.318437E+02  0.536676E+02  0.124105E+03  0.128779E+03  0.150372E+03  0.513341E+02  0.353947E+03  0.188685E+03  0.470559E+02  0.117879E+02
    ORGN   365    24  1997     1     1  0.260685E+02  0.357064E+02  0.547315E+02  0.122839E+03  0.127764E+03  0.149802E+03  0.512002E+02  0.352940E+03  0.188640E+03  0.470448E+02  0.117862E+02
    ORGN   365    24  1998     1     1  0.232274E+02  0.425523E+02  0.561907E+02  0.121348E+03  0.126271E+03  0.148743E+03  0.507503E+02  0.351698E+03  0.187907E+03  0.470364E+02  0.117858E+02
    ORGN   365    24  1999     1     1  0.177554E+02  0.421549E+02  0.568422E+02  0.121104E+03  0.125945E+03  0.148109E+03  0.504621E+02  0.350492E+03  0.187395E+03  0.470269E+02  0.117861E+02
    ORGN   365    24  2000     1     1  0.247650E+02  0.507508E+02  0.577409E+02  0.119853E+03  0.124602E+03  0.147424E+03  0.501952E+02  0.349145E+03  0.186829E+03  0.470141E+02  0.117860E+02
    ORGN   365    24  2001     1     1  0.180334E+02  0.560878E+02  0.595762E+02  0.119434E+03  0.124225E+03  0.147204E+03  0.502648E+02  0.348221E+03  0.186837E+03  0.470039E+02  0.117864E+02
    ORGN   365    24  2002     1     1  0.318177E+02  0.630317E+02  0.609445E+02  0.118970E+03  0.123541E+03  0.146827E+03  0.502145E+02  0.347264E+03  0.186796E+03  0.469931E+02  0.117865E+02
    ORGN   365    24  2003     1     1  0.378877E+02  0.662156E+02  0.624558E+02  0.118682E+03  0.123224E+03  0.146687E+03  0.502168E+02  0.346704E+03  0.186862E+03  0.469832E+02  0.117863E+02
    ORGN   365    24  2004     1     1  0.312626E+02  0.720423E+02  0.642580E+02  0.117789E+03  0.122018E+03  0.146349E+03  0.501165E+02  0.345587E+03  0.186256E+03  0.469712E+02  0.117860E+02
    ORGN   365    24  2005     1     1  0.277923E+02  0.755982E+02  0.646306E+02  0.117029E+03  0.121528E+03  0.145747E+03  0.498664E+02  0.344694E+03  0.186206E+03  0.469603E+02  0.117862E+02
    ORGN   365    24  2006     1     1  0.404065E+02  0.819599E+02  0.664154E+02  0.116590E+03  0.120779E+03  0.145077E+03  0.495847E+02  0.343974E+03  0.185637E+03  0.469489E+02  0.117860E+02
    ORGN   365    24  2007     1     1  0.258984E+02  0.863851E+02  0.679408E+02  0.115980E+03  0.120166E+03  0.144750E+03  0.495915E+02  0.343051E+03  0.185723E+03  0.469382E+02  0.117864E+02
    ORGN   365    24  2008     1     1  0.119031E+02  0.728783E+02  0.910012E+02  0.116845E+03  0.119778E+03  0.144312E+03  0.494180E+02  0.342184E+03  0.185608E+03  0.469281E+02  0.117866E+02
    ORGN   365    24  2009     1     1  0.214984E+02  0.785562E+02  0.876927E+02  0.116871E+03  0.119258E+03  0.144099E+03  0.493676E+02  0.341393E+03  0.185388E+03  0.469182E+02  0.117865E+02
    ORGN   365    24  2010     1     1  0.220048E+02  0.802926E+02  0.863744E+02  0.115734E+03  0.118547E+03  0.143604E+03  0.491758E+02  0.340541E+03  0.185078E+03  0.469076E+02  0.117870E+02
    ORGN   365    24  2011     1     1  0.316154E+02  0.840840E+02  0.861748E+02  0.114828E+03  0.117595E+03  0.143154E+03  0.489450E+02  0.339729E+03  0.184929E+03  0.468953E+02  0.117868E+02
    ORGN   365    24  2012     1     1  0.355714E+02  0.835100E+02  0.847101E+02  0.113785E+03  0.117070E+03  0.143124E+03  0.492118E+02  0.339221E+03  0.184947E+03  0.468819E+02  0.117866E+02
    ORGN   365    24  2013     1     1  0.242014E+02  0.903278E+02  0.860383E+02  0.113007E+03  0.116164E+03  0.142511E+03  0.491035E+02  0.338469E+03  0.184480E+03  0.468705E+02  0.117864E+02
    ORGN   365    24  2014     1     1  0.210756E+02  0.761113E+02  0.109509E+03  0.114546E+03  0.116222E+03  0.142271E+03  0.491174E+02  0.338382E+03  0.184754E+03  0.468609E+02  0.117862E+02
    ORGN   365    24  2015     1     1  0.293628E+02  0.808116E+02  0.103546E+03  0.113836E+03  0.115414E+03  0.141906E+03  0.488439E+02  0.337702E+03  0.184670E+03  0.468524E+02  0.117860E+02
    ORGN   365    24  2016     1     1  0.157806E+02  0.724968E+02  0.122035E+03  0.114339E+03  0.115091E+03  0.141723E+03  0.488227E+02  0.336914E+03  0.184571E+03  0.468435E+02  0.117859E+02
    ORGN   365    24  2017     1     1  0.269147E+02  0.761869E+02  0.116474E+03  0.113725E+03  0.114362E+03  0.141222E+03  0.485406E+02  0.336271E+03  0.183936E+03  0.468350E+02  0.117857E+02
    ORGN   365    24  2018     1     1  0.204912E+02  0.709788E+02  0.135027E+03  0.114015E+03  0.114020E+03  0.141202E+03  0.487260E+02  0.335663E+03  0.183980E+03  0.468257E+02  0.117855E+02
    ORGN   365    24  2019     1     1  0.210777E+02  0.700179E+02  0.124695E+03  0.112943E+03  0.112822E+03  0.140459E+03  0.483658E+02  0.334494E+03  0.183431E+03  0.468170E+02  0.117855E+02
    ORGN   365    24  2020     1     1  0.231687E+02  0.711100E+02  0.121770E+03  0.111790E+03  0.112446E+03  0.140078E+03  0.482978E+02  0.333808E+03  0.183464E+03  0.468065E+02  0.117857E+02
    ORGN   365    24  2021     1     1  0.320922E+02  0.776621E+02  0.121245E+03  0.110786E+03  0.111616E+03  0.139600E+03  0.480806E+02  0.332970E+03  0.183164E+03  0.467955E+02  0.117857E+02
    ORGN   365    24  2022     1     1  0.225478E+02  0.705636E+02  0.139539E+03  0.111797E+03  0.111390E+03  0.139378E+03  0.479942E+02  0.332094E+03  0.182870E+03  0.467836E+02  0.117857E+02
