-0.033,-1.5,0.2,5.33,400,10,1,0,0,0,0,0,0,1,1,1,8,0,2,0
0.01,0.05,0.15,0.25,0.55,0.65,1.35,2.0
1.330000042915344,1.330000042915344,1.330000042915344,1.350000023841858,1.5499999523162842,1.5499999523162842,1.5499999523162842,1.600000023841858
0.3170000076293945,0.3170000076293945,0.3170000076293945,0.325,0.30200000762939455,0.30200000762939455,0.30200000762939455,0.3340000152587891
0.19,0.19,0.19,0.20399999618530273,0.22100000381469725,0.22100000381469725,0.22100000381469725,0.22100000381469725
9.720000171661377,9.720000171661377,9.720000171661377,9.720000171661377,0.7919999957084654,0.7919999957084654,0.7919999957084654,3.276000094413755
9.720000171661377,9.720000171661377,9.720000171661377,9.720000171661377,0.7919999957084654,0.7919999957084654,0.7919999957084654,3.276000094413755
230.0,230.0,230.0,230.0,260.0,260.0,260.0,310.0
460.0,460.0,460.0,440.0,340.0,340.0,340.0,350.0
0.01,0.01,0.01,0.01,0.0,0.0,0.0,0.0
0,0,0,0,0,0,0,0
5.599999904632568,5.599999904632568,5.599999904632568,5.599999904632568,7.800000190734863,7.800000190734863,7.800000190734863,8.199999809265137
24.700000762939453,24.700000762939453,24.700000762939453,26.100000381469727,29.399999618530273,29.399999618530273,29.399999618530273,22.899999618530273
2.5,2.5,2.5,2.5,2.5,2.5,2.5,2.5
11.6,11.6,11.6,11.6,2.9,2.9,2.9,1.45
0,0,0,0,0,0,0,0
-1,-1,-1,-1,-1,-1,-1,-1
-1,-1,-1,-1,-1,-1,-1,-1
3,3,3,3,3,3,3,3
12,12,12,12,12,12,12,12
10,10,10,10,10,10,10,10
-1,-1,-1,-1,-1,-1,-1,-1
-1,-1,-1,-1,-1,-1,-1,-1
40,40,40,40,40,40,40,40
120,120,120,120,120,120,120,120
23,23,23,23,23,23,23,23
39,39,39,39,39,39,39,39
48,48,48,48,48,48,48,48
35,35,35,35,35,35,35,35
50,50,50,50,50,50,50,50
50,50,50,50,50,50,50,50
50,50,50,50,50,50,50,50
50,50,50,50,50,50,50,50
1000,1000,1000,1000,1000,1000,1000,1000
2000,2000,2000,2000,2000,2000,2000,2000
0,0,0,0,0,0,0,0
0,0,0,0,0,0,0,0
0.025,0.025,0.025,0.025,0.025,0.025,0.025,0.025
0.25,0.25,0.25,0.25,0.25,0.25,0.25,0.25
0.25,0.25,0.25,0.25,0.25,0.25,0.25,0.25
0.6,0.6,0.6,0.6,0.6,0.6,0.6,0.6
0.16,0.16,0.16,0.16,0.16,0.16,0.16,0.16
3,3,3,3,3,3,3,3
1,1,1,1,1,1,1,1
0,0,0,0,0,0,0,0
45,45,45,45,45,45,45,45
1.5,1.5,1.5,1.5,1.5,1.5,1.5,1.5
0.15,0.15,0.15,0.15,0.15,0.15,0.15,0.15
0,0,0,0,0,0,0,0
0,0,0,0,0,0,0,0
0,0,0,0,0,0,0,0
0,0,0,0,0,0,0,0
0,0,0,0,0,0,0,0
0,0,0,0,0,0,0,0
