 3651995   1   0   0   1
 3651995   1  0.00000000E+000  0.00000000E+000  0.00000000E+000  0.00000000E+000  0.00000000E+000  0.00000000E+000  0.00000000E+000  0.00000000E+000  0.00000000E+000  0.00000000E+000  0.00000000E+000  0.00000000E+000
 3661996   1   0   0   1
 3661996   1  0.00000000E+000  0.00000000E+000  0.00000000E+000  0.00000000E+000  0.00000000E+000  0.00000000E+000  0.00000000E+000  0.00000000E+000  0.00000000E+000  0.00000000E+000  0.00000000E+000  0.00000000E+000
 3651997   1   0   0   1
 3651997   1  0.00000000E+000  0.00000000E+000  0.00000000E+000  0.00000000E+000  0.00000000E+000  0.00000000E+000  0.00000000E+000  0.00000000E+000  0.00000000E+000  0.00000000E+000  0.00000000E+000  0.00000000E+000
 3651998   1   0   0   1
 3651998   1  0.00000000E+000  0.00000000E+000  0.00000000E+000  0.00000000E+000  0.00000000E+000  0.00000000E+000  0.00000000E+000  0.00000000E+000  0.00000000E+000  0.00000000E+000  0.00000000E+000  0.00000000E+000
 3651999   1   0   0   1
 3651999   1  0.00000000E+000  0.00000000E+000  0.00000000E+000  0.00000000E+000  0.00000000E+000  0.00000000E+000  0.00000000E+000  0.00000000E+000  0.00000000E+000  0.00000000E+000  0.00000000E+000  0.00000000E+000
 3662000   1   0   0   1
 3662000   1  0.00000000E+000  0.00000000E+000  0.00000000E+000  0.00000000E+000  0.00000000E+000  0.00000000E+000  0.00000000E+000  0.00000000E+000  0.00000000E+000  0.00000000E+000  0.00000000E+000  0.00000000E+000
 3652001   1   0   0   1
 3652001   1  0.00000000E+000  0.00000000E+000  0.00000000E+000  0.00000000E+000  0.00000000E+000  0.00000000E+000  0.00000000E+000  0.00000000E+000  0.00000000E+000  0.00000000E+000  0.00000000E+000  0.00000000E+000
 3652002   1   0   0   1
 3652002   1  0.00000000E+000  0.00000000E+000  0.00000000E+000  0.00000000E+000  0.00000000E+000  0.00000000E+000  0.00000000E+000  0.00000000E+000  0.00000000E+000  0.00000000E+000  0.00000000E+000  0.00000000E+000
 3652003   2   1   0   1   1   0
 3652003   2  0.00000000E+000  0.00000000E+000  0.00000000E+000  0.00000000E+000  0.00000000E+000  0.00000000E+000  0.00000000E+000  0.00000000E+000  0.00000000E+000  0.00000000E+000  0.00000000E+000  0.00000000E+000  0.00000000E+000  0.00000000E+000  0.00000000E+000
  0.00000000E+000  0.00000000E+000  0.00000000E+000  0.00000000E+000  0.00000000E+000  0.00000000E+000  0.00000000E+000  0.00000000E+000  0.00000000E+000
 3652003   2    2003     281 1000000 1000000   2   0   0   1   1   1   0   5   5   2   5   5   5   4   3
 3652003   2 -0.15724226E+001  0.46496815E-005  0.44718479E+001  0.11426657E-006  0.56201447E+000  0.11438880E-007  0.00000000E+000 -0.22054839E+002 -0.11503164E-001  0.52919914E+002  0.21224878E+001  0.27527249E+003  0.21224878E+001  0.27527249E+003  0.23104961E-001
  0.30499952E+001  0.11071116E-003 -0.75956651E-002 -0.16535866E+001  0.16459910E+001  0.50374610E-001  0.56092957E+000  0.50435206E-001  0.40000000E+003  0.00000000E+000  0.00000000E+000  0.00000000E+000  0.00000000E+000  0.00000000E+000  0.00000000E+000
 -0.89708751E+001  0.00000000E+000  0.00000000E+000  0.00000000E+000  0.53584452E-002  0.00000000E+000  0.40000000E+003  0.40000000E+003  0.00000000E+000  0.00000000E+000  0.00000000E+000  0.22540601E+000  0.00000000E+000  0.95000000E+000  0.00000000E+000
  0.00000000E+000  0.00000000E+000  0.00000000E+000  0.00000000E+000  0.00000000E+000
 3652003   2  0.80000000E+001
 3652003   2  0.77210706E+001
 3652003   2  0.30080497E+001
 3652003   2  0.00000000E+000
 3652003   2  0.32684335E+001
 3652003   2  0.30080497E+001
 3652003   2  0.58912761E+000
 3652003   2  0.00000000E+000
 3652003   2  0.29456381E+000
 3652003   2  0.00000000E+000
 3652003   2  0.21600000E+003
 3652003   2  0.00000000E+000
 3652003   2  0.21600000E+003
 3652003   2  0.00000000E+000
 3652003   2  0.36049992E+003
 3652003   2  0.00000000E+000
 3652003   2  0.00000000E+000
 3652003   2     1
 3652003   2     0
 3652003   2     0
 3652003   2     0
 3652003   2     0
 3652003   2     0
 3652003   2     0
 3652003   2     4
 3652003   2     4
 3652003   2     1
 3652003   2   281
 3652003   2   281
 3652003   2   323
 3652003   2     0
 3652003   2     0
 3652003   2     0
 3652003   2     0
 3652003   2     0
 3652003   2     0
 3652003   2     0
 3662004   2   0   0   0   1   1
 3662004   2  0.00000000E+000  0.00000000E+000  0.00000000E+000  0.00000000E+000  0.00000000E+000  0.00000000E+000  0.00000000E+000  0.00000000E+000  0.00000000E+000  0.00000000E+000  0.00000000E+000  0.00000000E+000  0.00000000E+000  0.00000000E+000  0.00000000E+000
  0.00000000E+000  0.00000000E+000  0.00000000E+000  0.00000000E+000  0.00000000E+000  0.00000000E+000  0.00000000E+000  0.00000000E+000  0.00000000E+000
 3652005   1   0   0   1
 3652005   1  0.00000000E+000  0.00000000E+000  0.00000000E+000  0.00000000E+000  0.00000000E+000  0.00000000E+000  0.00000000E+000  0.00000000E+000  0.00000000E+000  0.00000000E+000  0.00000000E+000  0.00000000E+000
 3652006   1   0   0   1
 3652006   1  0.00000000E+000  0.00000000E+000  0.00000000E+000  0.00000000E+000  0.00000000E+000  0.00000000E+000  0.00000000E+000  0.00000000E+000  0.00000000E+000  0.00000000E+000  0.00000000E+000  0.00000000E+000
 3652007   1   0   0   1
 3652007   1  0.00000000E+000  0.00000000E+000  0.00000000E+000  0.00000000E+000  0.00000000E+000  0.00000000E+000  0.00000000E+000  0.00000000E+000  0.00000000E+000  0.00000000E+000  0.00000000E+000  0.00000000E+000
 3662008   1   0   0   1
 3662008   1  0.00000000E+000  0.00000000E+000  0.00000000E+000  0.00000000E+000  0.00000000E+000  0.00000000E+000  0.00000000E+000  0.00000000E+000  0.00000000E+000  0.00000000E+000  0.00000000E+000  0.00000000E+000
 3652009   1   0   0   1
 3652009   1  0.00000000E+000  0.00000000E+000  0.00000000E+000  0.00000000E+000  0.00000000E+000  0.00000000E+000  0.00000000E+000  0.00000000E+000  0.00000000E+000  0.00000000E+000  0.00000000E+000  0.00000000E+000
 3652010   1   0   0   1
 3652010   1  0.00000000E+000  0.00000000E+000  0.00000000E+000  0.00000000E+000  0.00000000E+000  0.00000000E+000  0.00000000E+000  0.00000000E+000  0.00000000E+000  0.00000000E+000  0.00000000E+000  0.00000000E+000
 3652011   1   0   0   1
 3652011   1  0.00000000E+000  0.00000000E+000  0.00000000E+000  0.00000000E+000  0.00000000E+000  0.00000000E+000  0.00000000E+000  0.00000000E+000  0.00000000E+000  0.00000000E+000  0.00000000E+000  0.00000000E+000
 3662012   1   0   0   1
 3662012   1  0.00000000E+000  0.00000000E+000  0.00000000E+000  0.00000000E+000  0.00000000E+000  0.00000000E+000  0.00000000E+000  0.00000000E+000  0.00000000E+000  0.00000000E+000  0.00000000E+000  0.00000000E+000
 3652013   1   0   0   1
 3652013   1  0.00000000E+000  0.00000000E+000  0.00000000E+000  0.00000000E+000  0.00000000E+000  0.00000000E+000  0.00000000E+000  0.00000000E+000  0.00000000E+000  0.00000000E+000  0.00000000E+000  0.00000000E+000
 3652014   1   0   0   1
 3652014   1  0.00000000E+000  0.00000000E+000  0.00000000E+000  0.00000000E+000  0.00000000E+000  0.00000000E+000  0.00000000E+000  0.00000000E+000  0.00000000E+000  0.00000000E+000  0.00000000E+000  0.00000000E+000
 3652015   1   0   0   1
 3652015   1  0.00000000E+000  0.00000000E+000  0.00000000E+000  0.00000000E+000  0.00000000E+000  0.00000000E+000  0.00000000E+000  0.00000000E+000  0.00000000E+000  0.00000000E+000  0.00000000E+000  0.00000000E+000
 3662016   1   0   0   1
 3662016   1  0.00000000E+000  0.00000000E+000  0.00000000E+000  0.00000000E+000  0.00000000E+000  0.00000000E+000  0.00000000E+000  0.00000000E+000  0.00000000E+000  0.00000000E+000  0.00000000E+000  0.00000000E+000
 3652017   1   0   0   1
 3652017   1  0.00000000E+000  0.00000000E+000  0.00000000E+000  0.00000000E+000  0.00000000E+000  0.00000000E+000  0.00000000E+000  0.00000000E+000  0.00000000E+000  0.00000000E+000  0.00000000E+000  0.00000000E+000
 3652018   2   1   0   1   1   0
 3652018   2  0.00000000E+000  0.00000000E+000  0.00000000E+000  0.00000000E+000  0.00000000E+000  0.00000000E+000  0.00000000E+000  0.00000000E+000  0.00000000E+000  0.00000000E+000  0.00000000E+000  0.00000000E+000  0.00000000E+000  0.00000000E+000  0.00000000E+000
  0.00000000E+000  0.00000000E+000  0.00000000E+000  0.00000000E+000  0.00000000E+000  0.00000000E+000  0.00000000E+000  0.00000000E+000  0.00000000E+000
 3652018   2    2018     280 1000000 1000000   2   0   0   1   1   1   0   3   4   2   4   3   2
 3652018   2 -0.42532180E+000  0.76676199E-002  0.10532411E+001  0.76999575E-003  0.15957276E+000  0.86225742E-004  0.00000000E+000 -0.87044656E+001 -0.34327163E-002  0.22988829E+002 -0.26591505E+001  0.27049085E+003 -0.26591505E+001  0.27049085E+003  0.36450635E-002
  0.84555740E+000  0.92298374E-004 -0.59582759E-002 -0.16518433E+001  0.16458851E+001  0.16233129E-001  0.35699747E+000  0.19930248E-001  0.40000000E+003  0.00000000E+000  0.00000000E+000  0.00000000E+000  0.00000000E+000  0.00000000E+000  0.00000000E+000
 -0.68787805E+001  0.37194969E+003  0.18556208E+002  0.43783613E+001  0.24084451E-002  0.72750010E-004  0.40000000E+003  0.40000000E+003  0.00000000E+000  0.00000000E+000  0.00000000E+000  0.20880443E+000  0.30285180E-004  0.95000000E+000  0.00000000E+000
  0.00000000E+000  0.00000000E+000  0.00000000E+000  0.00000000E+000  0.00000000E+000
 3652018   2  0.80000000E+001
 3652018   2  0.50292770E+001
 3652018   2  0.30065953E+001
 3652018   2  0.00000000E+000
 3652018   2  0.14048841E+001
 3652018   2  0.30065953E+001
 3652018   2  0.25283521E+000
 3652018   2  0.00000000E+000
 3652018   2  0.12641761E+000
 3652018   2  0.00000000E+000
 3652018   2  0.21600000E+003
 3652018   2  0.00000000E+000
 3652018   2  0.21600000E+003
 3652018   2  0.00000000E+000
 3652018   2  0.31320489E+003
 3652018   2  0.00000000E+000
 3652018   2  0.00000000E+000
 3652018   2     1
 3652018   2     0
 3652018   2     0
 3652018   2     0
 3652018   2     0
 3652018   2     0
 3652018   2     0
 3652018   2     2
 3652018   2     2
 3652018   2     1
 3652018   2   296
 3652018   2   296
 3652018   2     0
 3652018   2     0
 3652018   2     0
 3652018   2     0
 3652018   2     0
 3652018   2     0
 3652018   2     0
 3652018   2     0
 3652019   2   0   0   0   1   1
 3652019   2  0.00000000E+000  0.00000000E+000  0.00000000E+000  0.00000000E+000  0.00000000E+000  0.00000000E+000  0.00000000E+000  0.00000000E+000  0.00000000E+000  0.00000000E+000  0.00000000E+000  0.00000000E+000  0.00000000E+000  0.00000000E+000  0.00000000E+000
  0.00000000E+000  0.00000000E+000  0.00000000E+000  0.00000000E+000  0.00000000E+000  0.00000000E+000  0.00000000E+000  0.00000000E+000  0.00000000E+000
 3662020   1   0   0   1
 3662020   1  0.00000000E+000  0.00000000E+000  0.00000000E+000  0.00000000E+000  0.00000000E+000  0.00000000E+000  0.00000000E+000  0.00000000E+000  0.00000000E+000  0.00000000E+000  0.00000000E+000  0.00000000E+000
 3652021   1   0   0   1
 3652021   1  0.00000000E+000  0.00000000E+000  0.00000000E+000  0.00000000E+000  0.00000000E+000  0.00000000E+000  0.00000000E+000  0.00000000E+000  0.00000000E+000  0.00000000E+000  0.00000000E+000  0.00000000E+000
 3652022   1   0   0   1
 3652022   1  0.00000000E+000  0.00000000E+000  0.00000000E+000  0.00000000E+000  0.00000000E+000  0.00000000E+000  0.00000000E+000  0.00000000E+000  0.00000000E+000  0.00000000E+000  0.00000000E+000  0.00000000E+000
