 3652003   2 -0.32844642E-002 -0.33653134E-002 -0.36536559E-002 -0.39595043E-002 -0.15521043E-001 -0.10000000E-001 -0.10000000E-001 -0.10000000E-001
 3652003   2 -0.16542824E+001 -0.16501199E+001 -0.16515471E+001 -0.16518598E+001 -0.16575942E+001 -0.12600000E+001 -0.12600000E+001 -0.12600000E+001
 3652003   2  0.16509980E+001  0.16467545E+001  0.16478934E+001  0.16479003E+001  0.16420731E+001  0.12500000E+001  0.12500000E+001  0.12500000E+001
 3652003   2  0.20000000E+004  0.20000000E+004  0.20000000E+004  0.16000000E+004  0.12000000E+004  0.00000000E+000  0.00000000E+000  0.00000000E+000
 3652003   2  0.12550000E+007  0.50200000E+007  0.12550000E+008  0.10040000E+008  0.22590000E+008  0.00000000E+000  0.00000000E+000  0.00000000E+000
 3652003   2  0.42366417E+000  0.11636589E+002  0.61739642E+001  0.35851433E+001  0.12543382E+001  0.00000000E+000  0.00000000E+000  0.00000000E+000
 3652003   2  0.42366417E+002  0.29091474E+003  0.61739642E+002  0.35851433E+002  0.41811273E+001  0.00000000E+000  0.00000000E+000  0.00000000E+000
 3652003   2  0.87909223E-006  0.33906723E-004  0.18682980E-004  0.12048316E-004  0.79902583E-005  0.00000000E+000  0.00000000E+000  0.00000000E+000
 3652003   2  0.79118301E-005  0.30516051E-003  0.16814682E-003  0.10843484E-003  0.71912324E-004  0.00000000E+000  0.00000000E+000  0.00000000E+000
 3652003   2  0.20000000E-003  0.20000000E-003  0.20000000E-003  0.20000000E-003  0.20000000E-003  0.20000000E-003  0.20000000E-003  0.20000000E-003
 3652003   2  0.10000000E-003  0.10000000E-003  0.10000000E-003  0.10000000E-003  0.10000000E-003  0.10000000E-003  0.10000000E-003  0.10000000E-003
 3652003   2  0.26618820E-003  0.76776049E-002  0.44655024E-002  0.27017249E-002  0.10149362E-002  0.00000000E+000  0.00000000E+000  0.00000000E+000
 3652003   2  0.10000000E-002  0.10000000E-002  0.10000000E-002  0.10000000E-002  0.10000000E-002  0.10000000E-002  0.10000000E-002  0.10000000E-002
 3652003   2  0.65039050E-004  0.13944376E-002  0.70173212E-003  0.46289533E-003  0.39446396E-003  0.00000000E+000  0.00000000E+000  0.00000000E+000
 3652003   2 -0.64728484E-004 -0.13873443E-002 -0.69821554E-003 -0.46050280E-003 -0.39246587E-003  0.00000000E+000  0.00000000E+000  0.00000000E+000
 3652003   2  0.64728484E-004  0.13873443E-002  0.69821554E-003  0.46050280E-003  0.39246587E-003  0.00000000E+000  0.00000000E+000  0.00000000E+000
 3652003   2  0.73028549E-006  0.43844919E-004  0.31527789E-004  0.33117595E-004  0.27123416E-004  0.00000000E+000  0.00000000E+000  0.00000000E+000
 3652003   2  0.26029302E-003  0.92092508E-002  0.51621084E-002  0.32234951E-002  0.22296345E-002  0.00000000E+000  0.00000000E+000  0.00000000E+000
 3652003   2  0.83959230E-009  0.22243654E-007  0.78503776E-008  0.27477916E-008  0.55020904E-009  0.00000000E+000  0.00000000E+000  0.00000000E+000
 3652003   2  0.34595328E-009  0.17337476E-007  0.82245121E-008  0.54739526E-008  0.38979415E-008  0.00000000E+000  0.00000000E+000  0.00000000E+000
 3652003   2  0.17674110E-011  0.24747457E-011  0.49406009E-012 -0.64608642E-007  0.95407892E-011  0.00000000E+000  0.00000000E+000  0.00000000E+000
 3652003   2  0.17243957E-004  0.61299040E-003  0.44569343E-003  0.46325787E-003  0.36782608E-003  0.00000000E+000  0.00000000E+000  0.00000000E+000
 3652003   2  0.10631271E-003  0.38220805E-002  0.21583506E-002  0.13384678E-002  0.90914409E-003  0.00000000E+000  0.00000000E+000  0.00000000E+000
 3652003   2  0.40200107E-009  0.10700147E-007  0.37940439E-008  0.13090977E-008  0.25013460E-009  0.00000000E+000  0.00000000E+000  0.00000000E+000
 3652003   2  0.38072990E-008  0.18105389E-006  0.86836579E-007  0.57082922E-007  0.39360160E-007  0.00000000E+000  0.00000000E+000  0.00000000E+000
 3652003   2  0.21811562E-008  0.76869357E-008  0.12961298E-008  0.72349165E-009  0.37778745E-007  0.00000000E+000  0.00000000E+000  0.00000000E+000
 3652003   2  0.23960751E+000  0.64093336E+001  0.31887062E+001  0.20640331E+001  0.30983242E+001  0.00000000E+000  0.00000000E+000  0.00000000E+000
 3652003   2  0.31787137E+000  0.86095040E+001  0.50161935E+001  0.30903044E+001  0.24123264E+001  0.00000000E+000  0.00000000E+000  0.00000000E+000
 3652003   2  0.14975469E-001  0.40058335E+000  0.19506309E+000  0.11064792E+000  0.94572721E-001  0.00000000E+000  0.00000000E+000  0.00000000E+000
 3652003   2  0.16020398E-003  0.32491127E-002  0.17895067E-002  0.12265597E-002  0.10525524E-002  0.00000000E+000  0.00000000E+000  0.00000000E+000
 3652003   2  0.56179421E-005  0.48617595E-004  0.33962422E-005  0.16068763E-005  0.38268880E-006  0.00000000E+000  0.00000000E+000  0.00000000E+000
 3652003   2  0.53993879E-005  0.13431842E-003  0.56496233E-004  0.34691742E-004  0.19309099E-004  0.00000000E+000  0.00000000E+000  0.00000000E+000
 3652003   2  0.22049097E-005  0.56076496E-004  0.24202287E-004  0.10464650E-004  0.11460322E-005  0.00000000E+000  0.00000000E+000  0.00000000E+000
 3652003   2  0.15298012E-006  0.28775659E-005  0.27683625E-006  0.22915402E-007  0.28806945E-006  0.00000000E+000  0.00000000E+000  0.00000000E+000
 3652003   2  0.64326951E-005  0.55896715E-004  0.45869357E-005  0.21986826E-005  0.22615176E-006  0.00000000E+000  0.00000000E+000  0.00000000E+000
 3652003   2  0.85713658E-005  0.22641361E-003  0.12390557E-003  0.73584133E-004  0.13294567E-004  0.00000000E+000  0.00000000E+000  0.00000000E+000
 3652003   2  0.00000000E+000  0.00000000E+000  0.00000000E+000  0.00000000E+000  0.00000000E+000  0.00000000E+000  0.00000000E+000  0.00000000E+000
 3652003   2  0.00000000E+000  0.00000000E+000  0.00000000E+000  0.00000000E+000  0.00000000E+000  0.00000000E+000  0.00000000E+000  0.00000000E+000
 3652003   2  0.99525010E+000  0.99491952E+000  0.99504531E+000  0.99484360E+000  0.99496681E+000  0.10000000E+001  0.10000000E+001  0.10000000E+001
 3652003   2  0.78263866E-001  0.18651399E+001  0.97867259E+000  0.62495583E+000  0.89916284E+000  0.00000000E+000  0.00000000E+000  0.00000000E+000
 3652003   2  0.32648816E-001  0.79207902E+000  0.41467296E+000  0.26584863E+000  0.37385861E+000  0.00000000E+000  0.00000000E+000  0.00000000E+000
 3652003   2  0.42185717E-002  0.10284182E+000  0.53654954E-001  0.34090026E-001  0.47976649E-001  0.00000000E+000  0.00000000E+000  0.00000000E+000
 3652003   2  0.33004150E+000  0.32016122E+000  0.28007501E+000  0.20717154E+000  0.11527561E+000
 3652003   2  0.90902050E+000  0.76430546E+000  0.58835210E+000  0.42342695E+000  0.21553630E+000
 3652003   2  0.22725512E-001  0.19107636E-001  0.14708802E-001  0.10585674E-001  0.53884075E-002
 3652003   2  0.22725512E-002  0.19107636E-002  0.14708802E-002  0.10585674E-002  0.53884075E-003
 3652003   2  0.25100000E+006  0.10040000E+007  0.25100000E+007  0.25100000E+007  0.75300000E+007  0.00000000E+000  0.00000000E+000  0.00000000E+000
 3652003   2  0.00000000E+000  0.29074652E-001  0.10081099E+000  0.99900207E-001  0.80255654E-001  0.00000000E+000  0.00000000E+000  0.00000000E+000
 3652003   2  0.00000000E+000  0.65773842E-001  0.23672036E+000  0.24208909E+000  0.36443721E+000  0.00000000E+000  0.00000000E+000  0.00000000E+000
 3652003   2  0.00000000E+000  0.16443460E-002  0.59180089E-002  0.60522272E-002  0.91109302E-002  0.00000000E+000  0.00000000E+000  0.00000000E+000
 3652003   2  0.00000000E+000  0.16443460E-003  0.59180089E-003  0.60522272E-003  0.91109302E-003  0.00000000E+000  0.00000000E+000  0.00000000E+000
 3652003   2  0.68867623E-001  0.24730919E+001  0.10755213E+001  0.68730733E+000  0.45661914E+000  0.00000000E+000  0.00000000E+000  0.00000000E+000
 3652003   2  0.17216906E-002  0.61827299E-001  0.26888032E-001  0.17182683E-001  0.11415478E-001  0.00000000E+000  0.00000000E+000  0.00000000E+000
 3652003   2  0.17216906E-003  0.61827299E-002  0.26888032E-002  0.17182683E-002  0.11415478E-002  0.00000000E+000  0.00000000E+000  0.00000000E+000
 3652003   2  0.48707563E+002  0.17491279E+004  0.75412256E+003  0.47385883E+003  0.16150202E+003  0.00000000E+000  0.00000000E+000  0.00000000E+000
 3652003   2  0.25100000E+006  0.10040000E+007  0.25100000E+007  0.25100000E+007  0.75300000E+007  0.00000000E+000  0.00000000E+000  0.00000000E+000
 3652003   2  0.00000000E+000  0.29717936E-001  0.10014461E+000  0.10012166E+000  0.70177010E-001  0.00000000E+000  0.00000000E+000  0.00000000E+000
 3652003   2  0.00000000E+000  0.67229104E-001  0.22655115E+000  0.22649923E+000  0.24402598E+000  0.00000000E+000  0.00000000E+000  0.00000000E+000
 3652003   2  0.00000000E+000  0.16807276E-002  0.56637787E-002  0.56624806E-002  0.61006495E-002  0.00000000E+000  0.00000000E+000  0.00000000E+000
 3652003   2  0.00000000E+000  0.16807276E-003  0.56637787E-003  0.56624806E-003  0.61006495E-003  0.00000000E+000  0.00000000E+000  0.00000000E+000
 3652003   2  0.67193149E-001  0.16416649E+001  0.77678701E+000  0.49314176E+000  0.29855758E+000  0.00000000E+000  0.00000000E+000  0.00000000E+000
 3652003   2  0.16798287E-002  0.41041624E-001  0.19419675E-001  0.12328544E-001  0.74639395E-002  0.00000000E+000  0.00000000E+000  0.00000000E+000
 3652003   2  0.16798287E-003  0.41041624E-002  0.19419675E-002  0.12328544E-002  0.74639395E-003  0.00000000E+000  0.00000000E+000  0.00000000E+000
 3652003   2  0.47523268E+002  0.11610899E+004  0.54939318E+003  0.34878122E+003  0.13820062E+003  0.00000000E+000  0.00000000E+000  0.00000000E+000
 3652003   2  0.25100000E+006  0.10040000E+007  0.25100000E+007  0.25100000E+007  0.75300000E+007  0.00000000E+000  0.00000000E+000  0.00000000E+000
 3652003   2  0.00000000E+000  0.29716966E-001  0.10020044E+000  0.10007495E+000  0.30082652E-001  0.00000000E+000  0.00000000E+000  0.00000000E+000
 3652003   2  0.00000000E+000  0.67226910E-001  0.22667745E+000  0.22639356E+000  0.68054178E-001  0.00000000E+000  0.00000000E+000  0.00000000E+000
 3652003   2  0.00000000E+000  0.16806728E-002  0.56669362E-002  0.56598390E-002  0.17013544E-002  0.00000000E+000  0.00000000E+000  0.00000000E+000
 3652003   2  0.00000000E+000  0.16806728E-003  0.56669362E-003  0.56598390E-003  0.17013544E-003  0.00000000E+000  0.00000000E+000  0.00000000E+000
 3652003   2  0.51585654E-001  0.11598625E+001  0.57161331E+000  0.30986636E+000  0.81469464E-001  0.00000000E+000  0.00000000E+000  0.00000000E+000
 3652003   2  0.12896414E-002  0.28996564E-001  0.14290333E-001  0.77466591E-002  0.20367366E-002  0.00000000E+000  0.00000000E+000  0.00000000E+000
 3652003   2  0.12896414E-003  0.28996564E-002  0.14290333E-002  0.77466591E-003  0.20367366E-003  0.00000000E+000  0.00000000E+000  0.00000000E+000
 3652003   2  0.36484656E+002  0.82032856E+003  0.40428129E+003  0.21915720E+003  0.57620386E+002  0.00000000E+000  0.00000000E+000  0.00000000E+000
 3652003   2  0.25100000E+006  0.10040000E+007  0.25100000E+007  0.25100000E+007  0.00000000E+000  0.00000000E+000  0.00000000E+000  0.00000000E+000
 3652003   2  0.00000000E+000  0.29662588E-001  0.10014965E+000  0.57359308E-001  0.00000000E+000  0.00000000E+000  0.00000000E+000  0.00000000E+000
 3652003   2  0.00000000E+000  0.67103894E-001  0.22656253E+000  0.12976052E+000  0.00000000E+000  0.00000000E+000  0.00000000E+000  0.00000000E+000
 3652003   2  0.00000000E+000  0.16775973E-002  0.56640634E-002  0.32440130E-002  0.00000000E+000  0.00000000E+000  0.00000000E+000  0.00000000E+000
 3652003   2  0.00000000E+000  0.16775973E-003  0.56640634E-003  0.32440130E-003  0.00000000E+000  0.00000000E+000  0.00000000E+000  0.00000000E+000
 3652003   2  0.36486796E-001  0.79139327E+000  0.38940918E+000  0.15029075E+000  0.00000000E+000  0.00000000E+000  0.00000000E+000  0.00000000E+000
 3652003   2  0.91216990E-003  0.19784832E-001  0.97352295E-002  0.37572687E-002  0.00000000E+000  0.00000000E+000  0.00000000E+000  0.00000000E+000
 3652003   2  0.91216990E-004  0.19784832E-002  0.97352295E-003  0.37572687E-003  0.00000000E+000  0.00000000E+000  0.00000000E+000  0.00000000E+000
 3652003   2  0.25805782E+002  0.55972365E+003  0.27541494E+003  0.10629517E+003  0.00000000E+000  0.00000000E+000  0.00000000E+000  0.00000000E+000
 3652003   2  0.25100000E+006  0.10040000E+007  0.25100000E+007  0.00000000E+000  0.00000000E+000  0.00000000E+000  0.00000000E+000  0.00000000E+000
 3652003   2  0.00000000E+000  0.29924665E-001  0.65350947E-001  0.00000000E+000  0.00000000E+000  0.00000000E+000  0.00000000E+000  0.00000000E+000
 3652003   2  0.00000000E+000  0.67696775E-001  0.14783953E+000  0.00000000E+000  0.00000000E+000  0.00000000E+000  0.00000000E+000  0.00000000E+000
 3652003   2  0.00000000E+000  0.16924194E-002  0.36959882E-002  0.00000000E+000  0.00000000E+000  0.00000000E+000  0.00000000E+000  0.00000000E+000
 3652003   2  0.00000000E+000  0.16924194E-003  0.36959882E-003  0.00000000E+000  0.00000000E+000  0.00000000E+000  0.00000000E+000  0.00000000E+000
 3652003   2  0.15474285E-001  0.34332086E+000  0.15983914E+000  0.00000000E+000  0.00000000E+000  0.00000000E+000  0.00000000E+000  0.00000000E+000
 3652003   2  0.38685713E-003  0.85830214E-002  0.39959786E-002  0.00000000E+000  0.00000000E+000  0.00000000E+000  0.00000000E+000  0.00000000E+000
 3652003   2  0.38685713E-004  0.85830214E-003  0.39959786E-003  0.00000000E+000  0.00000000E+000  0.00000000E+000  0.00000000E+000  0.00000000E+000
 3652003   2  0.10944399E+002  0.24281834E+003  0.11304841E+003  0.00000000E+000  0.00000000E+000  0.00000000E+000  0.00000000E+000  0.00000000E+000
 3652003   2 -0.32844505E-002 -0.33653024E-002 -0.36536473E-002 -0.39595007E-002 -0.15522180E-001 -0.10000000E-001 -0.10000000E-001 -0.10000000E-001
 3652003   2 -0.16902175E+001 -0.16665614E+001 -0.16524347E+001 -0.16517181E+001 -0.16767383E+001 -0.12600000E+001 -0.12600000E+001 -0.12600000E+001
 3652003   2  0.16869331E+001  0.16631961E+001  0.16487811E+001  0.16477586E+001  0.16612161E+001  0.12500000E+001  0.12500000E+001  0.12500000E+001
 3652003   2  0.00000000E+000  0.00000000E+000  0.00000000E+000  0.00000000E+000  0.00000000E+000  0.00000000E+000  0.00000000E+000  0.00000000E+000
 3652003   2  0.12550000E+007  0.50200000E+007  0.12550000E+008  0.10040000E+008  0.22590000E+008  0.00000000E+000  0.00000000E+000  0.00000000E+000
 3652003   2  0.73717891E-002  0.12429348E+003  0.10613201E+003  0.70148469E+002  0.32217352E+002  0.00000000E+000  0.00000000E+000  0.00000000E+000
 3652003   2  0.73717891E+000  0.31073371E+004  0.10613201E+004  0.70148469E+003  0.10739117E+003  0.00000000E+000  0.00000000E+000  0.00000000E+000
 3652003   2  0.39073016E-010  0.64952820E-006  0.55223048E-006  0.36702568E-006  0.27806769E-006  0.00000000E+000  0.00000000E+000  0.00000000E+000
 3652003   2  0.35165714E-009  0.58457538E-005  0.49700744E-005  0.33032311E-005  0.25026092E-005  0.00000000E+000  0.00000000E+000  0.00000000E+000
 3652003   2  0.50000000E-005  0.50000000E-005  0.50000000E-005  0.50000000E-005  0.50000000E-005  0.50000000E-005  0.50000000E-005  0.50000000E-005
 3652003   2  0.50000000E-005  0.50000000E-005  0.50000000E-005  0.50000000E-005  0.50000000E-005  0.50000000E-005  0.50000000E-005  0.50000000E-005
 3652003   2  0.23158475E-006  0.39046798E-002  0.33341370E-002  0.22037141E-002  0.10121081E-002  0.00000000E+000  0.00000000E+000  0.00000000E+000
 3652003   2  0.10000000E-002  0.99038633E-002  0.33826935E-002  0.27947597E-002  0.10000000E-002  0.10000000E-002  0.10000000E-002  0.10000000E-002
 3652003   2  0.20395731E-005  0.26912712E-003  0.15304827E-003  0.10899906E-003  0.87889786E-004  0.00000000E+000  0.00000000E+000  0.00000000E+000
 3652003   2 -0.10327719E-008 -0.26776865E-003 -0.15231477E-003 -0.10846618E-003 -0.87451760E-004  0.00000000E+000  0.00000000E+000  0.00000000E+000
 3652003   2  0.10327719E-008  0.26776865E-003  0.15231477E-003  0.10846618E-003  0.87451760E-004  0.00000000E+000  0.00000000E+000  0.00000000E+000
 3652003   2  0.00000000E+000  0.00000000E+000  0.00000000E+000  0.00000000E+000  0.00000000E+000  0.00000000E+000  0.00000000E+000  0.00000000E+000
 3652003   2  0.00000000E+000  0.00000000E+000  0.00000000E+000  0.00000000E+000  0.00000000E+000  0.00000000E+000  0.00000000E+000  0.00000000E+000
 3652003   2  0.00000000E+000  0.00000000E+000  0.00000000E+000  0.00000000E+000  0.00000000E+000  0.00000000E+000  0.00000000E+000  0.00000000E+000
 3652003   2  0.00000000E+000  0.00000000E+000  0.00000000E+000  0.00000000E+000  0.00000000E+000  0.00000000E+000  0.00000000E+000  0.00000000E+000
 3652003   2  0.00000000E+000  0.00000000E+000  0.00000000E+000  0.00000000E+000  0.00000000E+000  0.00000000E+000  0.00000000E+000  0.00000000E+000
 3652003   2  0.49812502E-008  0.13181096E-004  0.12470778E-004  0.13176933E-004  0.12828073E-004  0.00000000E+000  0.00000000E+000  0.00000000E+000
 3652003   2  0.00000000E+000  0.00000000E+000  0.00000000E+000  0.00000000E+000  0.00000000E+000  0.00000000E+000  0.00000000E+000  0.00000000E+000
 3652003   2  0.00000000E+000  0.00000000E+000  0.00000000E+000  0.00000000E+000  0.00000000E+000  0.00000000E+000  0.00000000E+000  0.00000000E+000
 3652003   2  0.00000000E+000  0.00000000E+000  0.00000000E+000  0.00000000E+000  0.00000000E+000  0.00000000E+000  0.00000000E+000  0.00000000E+000
 3652003   2  0.00000000E+000  0.00000000E+000  0.00000000E+000  0.00000000E+000  0.00000000E+000  0.00000000E+000  0.00000000E+000  0.00000000E+000
 3652003   2  0.10422973E-004  0.17573856E+000  0.15071965E+000  0.10023407E+000  0.75324612E-001  0.00000000E+000  0.00000000E+000  0.00000000E+000
 3652003   2  0.38781299E-002  0.26532992E+000  0.19720810E+000  0.12971035E+000  0.11831419E+000  0.00000000E+000  0.00000000E+000  0.00000000E+000
 3652003   2  0.65143579E-006  0.10983660E-001  0.94199784E-002  0.62646295E-002  0.47077883E-002  0.00000000E+000  0.00000000E+000  0.00000000E+000
 3652003   2  0.49977593E-005  0.62826596E-003  0.38626498E-003  0.28833596E-003  0.23451337E-003  0.00000000E+000  0.00000000E+000  0.00000000E+000
 3652003   2  0.25179483E-011  0.25848312E-004  0.27906599E-005  0.16197814E-005  0.78074553E-006  0.00000000E+000  0.00000000E+000  0.00000000E+000
 3652003   2  0.24095735E-011  0.66020769E-004  0.40782377E-004  0.30817103E-004  0.38076517E-004  0.00000000E+000  0.00000000E+000  0.00000000E+000
 3652003   2  0.98366331E-012  0.27482565E-004  0.17524999E-004  0.96655754E-005  0.23568429E-005  0.00000000E+000  0.00000000E+000  0.00000000E+000
 3652003   2  0.68402181E-013  0.14162614E-005  0.20226599E-006  0.20971302E-007  0.57987069E-006  0.00000000E+000  0.00000000E+000  0.00000000E+000
 3652003   2  0.28831159E-011  0.29715808E-004  0.37705403E-005  0.22163918E-005  0.46087770E-006  0.00000000E+000  0.00000000E+000  0.00000000E+000
 3652003   2  0.38251242E-011  0.11128759E-003  0.89442388E-004  0.65365061E-004  0.26215399E-004  0.00000000E+000  0.00000000E+000  0.00000000E+000
 3652003   2  0.00000000E+000  0.00000000E+000  0.00000000E+000  0.00000000E+000  0.00000000E+000  0.00000000E+000  0.00000000E+000  0.00000000E+000
 3652003   2  0.00000000E+000  0.00000000E+000  0.00000000E+000  0.00000000E+000  0.00000000E+000  0.00000000E+000  0.00000000E+000  0.00000000E+000
 3652003   2  0.51245952E-003  0.99494736E+000  0.99521052E+000  0.99511388E+000  0.99502284E+000  0.10000000E+001  0.10000000E+001  0.10000000E+001
 3652003   2  0.38677069E-002  0.89591359E-001  0.46488445E-001  0.29476279E-001  0.42989579E-001  0.00000000E+000  0.00000000E+000  0.00000000E+000
 3652003   2  0.16233725E-002  0.39651240E-001  0.20981707E-001  0.13543570E-001  0.18607603E-001  0.00000000E+000  0.00000000E+000  0.00000000E+000
 3652003   2  0.20984328E-003  0.51584521E-002  0.27141921E-002  0.17062078E-002  0.23346397E-002  0.00000000E+000  0.00000000E+000  0.00000000E+000
 3652003   2  0.20000000E-001  0.20000000E-001  0.20000000E-001  0.20000000E-001  0.20000000E-001
 3652003   2  0.00000000E+000  0.00000000E+000  0.00000000E+000  0.00000000E+000  0.00000000E+000
 3652003   2  0.00000000E+000  0.00000000E+000  0.00000000E+000  0.00000000E+000  0.00000000E+000
 3652003   2  0.00000000E+000  0.00000000E+000  0.00000000E+000  0.00000000E+000  0.00000000E+000
 3652003   2  0.25100000E+006  0.10040000E+007  0.25100000E+007  0.25100000E+007  0.75300000E+007  0.00000000E+000  0.00000000E+000  0.00000000E+000
 3652003   2  0.00000000E+000  0.00000000E+000  0.00000000E+000  0.00000000E+000  0.00000000E+000  0.00000000E+000  0.00000000E+000  0.00000000E+000
 3652003   2  0.00000000E+000  0.00000000E+000  0.00000000E+000  0.00000000E+000  0.00000000E+000  0.00000000E+000  0.00000000E+000  0.00000000E+000
 3652003   2  0.00000000E+000  0.00000000E+000  0.00000000E+000  0.00000000E+000  0.00000000E+000  0.00000000E+000  0.00000000E+000  0.00000000E+000
 3652003   2  0.00000000E+000  0.00000000E+000  0.00000000E+000  0.00000000E+000  0.00000000E+000  0.00000000E+000  0.00000000E+000  0.00000000E+000
 3652003   2  0.24393636E-005  0.41996646E-001  0.57544452E-001  0.44735015E-001  0.41278138E-001  0.00000000E+000  0.00000000E+000  0.00000000E+000
 3652003   2  0.60984091E-007  0.10499161E-002  0.14386113E-002  0.11183754E-002  0.10319534E-002  0.00000000E+000  0.00000000E+000  0.00000000E+000
 3652003   2  0.60984091E-008  0.10499161E-003  0.14386113E-003  0.11183754E-003  0.10319534E-003  0.00000000E+000  0.00000000E+000  0.00000000E+000
 3652003   2  0.69010924E+000  0.11881080E+005  0.16093031E+005  0.12358402E+005  0.59389937E+004  0.00000000E+000  0.00000000E+000  0.00000000E+000
 3652003   2  0.25100000E+006  0.10040000E+007  0.25100000E+007  0.25100000E+007  0.75300000E+007  0.00000000E+000  0.00000000E+000  0.00000000E+000
 3652003   2  0.00000000E+000  0.00000000E+000  0.00000000E+000  0.00000000E+000  0.00000000E+000  0.00000000E+000  0.00000000E+000  0.00000000E+000
 3652003   2  0.00000000E+000  0.00000000E+000  0.00000000E+000  0.00000000E+000  0.00000000E+000  0.00000000E+000  0.00000000E+000  0.00000000E+000
 3652003   2  0.00000000E+000  0.00000000E+000  0.00000000E+000  0.00000000E+000  0.00000000E+000  0.00000000E+000  0.00000000E+000  0.00000000E+000
 3652003   2  0.00000000E+000  0.00000000E+000  0.00000000E+000  0.00000000E+000  0.00000000E+000  0.00000000E+000  0.00000000E+000  0.00000000E+000
 3652003   2  0.24261491E-005  0.41800378E-001  0.38720357E-001  0.28625387E-001  0.26702592E-001  0.00000000E+000  0.00000000E+000  0.00000000E+000
 3652003   2  0.60653728E-007  0.10450095E-002  0.96800892E-003  0.71563468E-003  0.66756481E-003  0.00000000E+000  0.00000000E+000  0.00000000E+000
 3652003   2  0.60653728E-008  0.10450095E-003  0.96800892E-004  0.71563468E-004  0.66756481E-004  0.00000000E+000  0.00000000E+000  0.00000000E+000
 3652003   2  0.68637078E+000  0.11825554E+005  0.10954200E+005  0.80982778E+004  0.48703228E+004  0.00000000E+000  0.00000000E+000  0.00000000E+000
 3652003   2  0.25100000E+006  0.10040000E+007  0.25100000E+007  0.25100000E+007  0.75300000E+007  0.00000000E+000  0.00000000E+000  0.00000000E+000
 3652003   2  0.00000000E+000  0.00000000E+000  0.00000000E+000  0.00000000E+000  0.00000000E+000  0.00000000E+000  0.00000000E+000  0.00000000E+000
 3652003   2  0.00000000E+000  0.00000000E+000  0.00000000E+000  0.00000000E+000  0.00000000E+000  0.00000000E+000  0.00000000E+000  0.00000000E+000
 3652003   2  0.00000000E+000  0.00000000E+000  0.00000000E+000  0.00000000E+000  0.00000000E+000  0.00000000E+000  0.00000000E+000  0.00000000E+000
 3652003   2  0.00000000E+000  0.00000000E+000  0.00000000E+000  0.00000000E+000  0.00000000E+000  0.00000000E+000  0.00000000E+000  0.00000000E+000
 3652003   2  0.24238741E-005  0.41126185E-001  0.27390114E-001  0.18019872E-001  0.73438820E-002  0.00000000E+000  0.00000000E+000  0.00000000E+000
 3652003   2  0.60596851E-007  0.10281546E-002  0.68475284E-003  0.45049679E-003  0.18359705E-003  0.00000000E+000  0.00000000E+000  0.00000000E+000
 3652003   2  0.60596851E-008  0.10281546E-003  0.68475284E-004  0.45049679E-004  0.18359705E-004  0.00000000E+000  0.00000000E+000  0.00000000E+000
 3652003   2  0.68572715E+000  0.11634822E+005  0.77488121E+004  0.50979197E+004  0.20776242E+004  0.00000000E+000  0.00000000E+000  0.00000000E+000
 3652003   2  0.25100000E+006  0.10040000E+007  0.25100000E+007  0.25100000E+007  0.00000000E+000  0.00000000E+000  0.00000000E+000  0.00000000E+000
 3652003   2  0.00000000E+000  0.00000000E+000  0.00000000E+000  0.00000000E+000  0.00000000E+000  0.00000000E+000  0.00000000E+000  0.00000000E+000
 3652003   2  0.00000000E+000  0.00000000E+000  0.00000000E+000  0.00000000E+000  0.00000000E+000  0.00000000E+000  0.00000000E+000  0.00000000E+000
 3652003   2  0.00000000E+000  0.00000000E+000  0.00000000E+000  0.00000000E+000  0.00000000E+000  0.00000000E+000  0.00000000E+000  0.00000000E+000
 3652003   2  0.00000000E+000  0.00000000E+000  0.00000000E+000  0.00000000E+000  0.00000000E+000  0.00000000E+000  0.00000000E+000  0.00000000E+000
 3652003   2  0.24216025E-005  0.34678662E-001  0.19184949E-001  0.88537991E-002  0.00000000E+000  0.00000000E+000  0.00000000E+000  0.00000000E+000
 3652003   2  0.60540062E-007  0.86696654E-003  0.47962372E-003  0.22134498E-003  0.00000000E+000  0.00000000E+000  0.00000000E+000  0.00000000E+000
 3652003   2  0.60540062E-008  0.86696654E-004  0.47962372E-004  0.22134498E-004  0.00000000E+000  0.00000000E+000  0.00000000E+000  0.00000000E+000
 3652003   2  0.68508452E+000  0.98107820E+004  0.54275264E+004  0.25047879E+004  0.00000000E+000  0.00000000E+000  0.00000000E+000  0.00000000E+000
 3652003   2  0.25100000E+006  0.10040000E+007  0.25100000E+007  0.00000000E+000  0.00000000E+000  0.00000000E+000  0.00000000E+000  0.00000000E+000
 3652003   2  0.00000000E+000  0.00000000E+000  0.00000000E+000  0.00000000E+000  0.00000000E+000  0.00000000E+000  0.00000000E+000  0.00000000E+000
 3652003   2  0.00000000E+000  0.00000000E+000  0.00000000E+000  0.00000000E+000  0.00000000E+000  0.00000000E+000  0.00000000E+000  0.00000000E+000
 3652003   2  0.00000000E+000  0.00000000E+000  0.00000000E+000  0.00000000E+000  0.00000000E+000  0.00000000E+000  0.00000000E+000  0.00000000E+000
 3652003   2  0.00000000E+000  0.00000000E+000  0.00000000E+000  0.00000000E+000  0.00000000E+000  0.00000000E+000  0.00000000E+000  0.00000000E+000
 3652003   2  0.71198328E-006  0.16136687E-001  0.78797839E-002  0.00000000E+000  0.00000000E+000  0.00000000E+000  0.00000000E+000  0.00000000E+000
 3652003   2  0.17799582E-007  0.40341717E-003  0.19699460E-003  0.00000000E+000  0.00000000E+000  0.00000000E+000  0.00000000E+000  0.00000000E+000
 3652003   2  0.17799582E-008  0.40341717E-004  0.19699460E-004  0.00000000E+000  0.00000000E+000  0.00000000E+000  0.00000000E+000  0.00000000E+000
 3652003   2  0.20142394E+000  0.45651565E+004  0.22292337E+004  0.00000000E+000  0.00000000E+000  0.00000000E+000  0.00000000E+000  0.00000000E+000
 3652003   2  0.00000000E+000  0.00000000E+000  0.00000000E+000  0.00000000E+000  0.00000000E+000  0.00000000E+000  0.00000000E+000  0.00000000E+000
 3652003   2  0.00000000E+000  0.00000000E+000  0.00000000E+000  0.00000000E+000  0.00000000E+000  0.00000000E+000  0.00000000E+000  0.00000000E+000
 3652003   2  0.00000000E+000  0.00000000E+000  0.00000000E+000  0.00000000E+000  0.00000000E+000  0.00000000E+000  0.00000000E+000  0.00000000E+000
 3652003   2  0.00000000E+000  0.00000000E+000  0.00000000E+000  0.00000000E+000  0.00000000E+000  0.00000000E+000  0.00000000E+000  0.00000000E+000
 3652003   2  0.00000000E+000  0.00000000E+000  0.00000000E+000  0.00000000E+000  0.00000000E+000  0.00000000E+000  0.00000000E+000  0.00000000E+000
 3652003   2  0.00000000E+000  0.00000000E+000  0.00000000E+000  0.00000000E+000  0.00000000E+000  0.00000000E+000  0.00000000E+000  0.00000000E+000
 3652018   2 -0.33309666E-001 -0.79268950E-003 -0.14786519E-002 -0.25178464E-002 -0.10000000E-001 -0.10000000E-001 -0.10000000E-001 -0.10000000E-001
 3652018   2 -0.16901658E+001 -0.16733743E+001 -0.16742834E+001 -0.16758499E+001 -0.12600000E+001 -0.12600000E+001 -0.12600000E+001 -0.12600000E+001
 3652018   2  0.16568562E+001  0.16725817E+001  0.16728048E+001  0.16733321E+001  0.12500000E+001  0.12500000E+001  0.12500000E+001  0.12500000E+001
 3652018   2  0.12000000E+004  0.12000000E+004  0.80000000E+003  0.40000000E+003  0.00000000E+000  0.00000000E+000  0.00000000E+000  0.00000000E+000
 3652018   2  0.75300000E+006  0.30120000E+007  0.50200000E+007  0.25100000E+007  0.00000000E+000  0.00000000E+000  0.00000000E+000  0.00000000E+000
 3652018   2  0.34307269E+000  0.12998854E+001  0.15120419E+001  0.40824536E+000  0.00000000E+000  0.00000000E+000  0.00000000E+000  0.00000000E+000
 3652018   2  0.34307269E+002  0.32497135E+002  0.15120419E+002  0.40824536E+001  0.00000000E+000  0.00000000E+000  0.00000000E+000  0.00000000E+000
 3652018   2  0.71442601E-006  0.11511074E-004  0.56469358E-005  0.16622067E-005  0.00000000E+000  0.00000000E+000  0.00000000E+000  0.00000000E+000
 3652018   2  0.64298341E-005  0.10359967E-003  0.50822422E-004  0.14959861E-004  0.00000000E+000  0.00000000E+000  0.00000000E+000  0.00000000E+000
 3652018   2  0.20000000E-003  0.20000000E-003  0.20000000E-003  0.20000000E-003  0.20000000E-003  0.20000000E-003  0.20000000E-003  0.20000000E-003
 3652018   2  0.10000000E-003  0.10000000E-003  0.10000000E-003  0.10000000E-003  0.10000000E-003  0.10000000E-003  0.10000000E-003  0.10000000E-003
 3652018   2  0.21555257E-003  0.10761335E-002  0.11958759E-002  0.33653259E-003  0.00000000E+000  0.00000000E+000  0.00000000E+000  0.00000000E+000
 3652018   2  0.10000000E-002  0.10000000E-002  0.10000000E-002  0.10000000E-002  0.10000000E-002  0.10000000E-002  0.10000000E-002  0.10000000E-002
 3652018   2  0.43267636E-004  0.15888953E-003  0.23974984E-003  0.10279081E-003  0.00000000E+000  0.00000000E+000  0.00000000E+000  0.00000000E+000
 3652018   2 -0.43076359E-004 -0.15757166E-003 -0.23440257E-003 -0.98895407E-004  0.00000000E+000  0.00000000E+000  0.00000000E+000  0.00000000E+000
 3652018   2  0.43076359E-004  0.15757166E-003  0.23440257E-003  0.98895407E-004  0.00000000E+000  0.00000000E+000  0.00000000E+000  0.00000000E+000
 3652018   2  0.18801408E-005  0.31924030E-003  0.10335387E-003  0.15650197E-004  0.00000000E+000  0.00000000E+000  0.00000000E+000  0.00000000E+000
 3652018   2  0.21402708E-003  0.29094430E-002  0.38688772E-003  0.60842816E-004  0.00000000E+000  0.00000000E+000  0.00000000E+000  0.00000000E+000
 3652018   2  0.10043586E-008  0.35764106E-006  0.11742269E-007  0.11020302E-008  0.00000000E+000  0.00000000E+000  0.00000000E+000  0.00000000E+000
 3652018   2  0.28280683E-008  0.77075384E-007  0.10128258E-007  0.41811183E-008  0.00000000E+000  0.00000000E+000  0.00000000E+000  0.00000000E+000
 3652018   2  0.16193662E-011  0.30846987E-011 -0.36417672E-007 -0.37386276E-007  0.00000000E+000  0.00000000E+000  0.00000000E+000  0.00000000E+000
 3652018   2  0.48906303E-004  0.49435838E-002  0.15732460E-002  0.23291503E-003  0.00000000E+000  0.00000000E+000  0.00000000E+000  0.00000000E+000
 3652018   2  0.92914925E-004  0.12728928E-002  0.16316663E-003  0.24628090E-004  0.00000000E+000  0.00000000E+000  0.00000000E+000  0.00000000E+000
 3652018   2  0.93755213E-009  0.18839076E-006  0.60905784E-008  0.55317367E-009  0.00000000E+000  0.00000000E+000  0.00000000E+000  0.00000000E+000
 3652018   2  0.58882837E-007  0.89385189E-006  0.11529858E-006  0.46527402E-007  0.00000000E+000  0.00000000E+000  0.00000000E+000  0.00000000E+000
 3652018   2  0.42535520E-008  0.11711685E-007  0.89150759E-009  0.28259611E-009  0.00000000E+000  0.00000000E+000  0.00000000E+000  0.00000000E+000
 3652018   2  0.19403718E+000  0.66666093E+000  0.91815246E+000  0.59666795E+000  0.00000000E+000  0.00000000E+000  0.00000000E+000  0.00000000E+000
 3652018   2  0.51476010E+000  0.18957733E+001  0.25650030E+001  0.12589241E+001  0.00000000E+000  0.00000000E+000  0.00000000E+000  0.00000000E+000
 3652018   2  0.12127324E-001  0.41666308E-001  0.53149828E-001  0.18932971E-001  0.00000000E+000  0.00000000E+000  0.00000000E+000  0.00000000E+000
 3652018   2  0.11623521E-003  0.41509502E-003  0.63206381E-003  0.27383465E-003  0.00000000E+000  0.00000000E+000  0.00000000E+000  0.00000000E+000
 3652018   2  0.31340199E-005  0.87006174E-005  0.27758487E-005  0.39287902E-006  0.00000000E+000  0.00000000E+000  0.00000000E+000  0.00000000E+000
 3652018   2  0.21451102E-005  0.15177196E-005  0.15941162E-004  0.33122197E-005  0.00000000E+000  0.00000000E+000  0.00000000E+000  0.00000000E+000
 3652018   2  0.14798147E-005  0.75675563E-005  0.76370236E-005  0.11404731E-005  0.00000000E+000  0.00000000E+000  0.00000000E+000  0.00000000E+000
 3652018   2  0.11554926E-006  0.44874273E-006  0.75139284E-007  0.25156954E-008  0.00000000E+000  0.00000000E+000  0.00000000E+000  0.00000000E+000
 3652018   2  0.55674260E-005  0.20870472E-004  0.42477649E-005  0.55517028E-006  0.00000000E+000  0.00000000E+000  0.00000000E+000  0.00000000E+000
 3652018   2  0.60345419E-005  0.41057756E-005  0.34981306E-004  0.73998766E-005  0.00000000E+000  0.00000000E+000  0.00000000E+000  0.00000000E+000
 3652018   2  0.00000000E+000  0.00000000E+000  0.00000000E+000  0.00000000E+000  0.00000000E+000  0.00000000E+000  0.00000000E+000  0.00000000E+000
 3652018   2  0.00000000E+000  0.00000000E+000  0.00000000E+000  0.00000000E+000  0.00000000E+000  0.00000000E+000  0.00000000E+000  0.00000000E+000
 3652018   2  0.99558213E+000  0.99478701E+000  0.98017931E+000  0.96216856E+000  0.10000000E+001  0.10000000E+001  0.10000000E+001  0.10000000E+001
 3652018   2  0.32072292E+000  0.10936791E+001  0.14885433E+001  0.95599653E+000  0.00000000E+000  0.00000000E+000  0.00000000E+000  0.00000000E+000
 3652018   2  0.30643989E-001  0.10654522E+000  0.14434571E+000  0.90412740E-001  0.00000000E+000  0.00000000E+000  0.00000000E+000  0.00000000E+000
 3652018   2  0.45925664E-002  0.16206127E-001  0.21563252E-001  0.13455892E-001  0.00000000E+000  0.00000000E+000  0.00000000E+000  0.00000000E+000
 3652018   2  0.21353428E+000  0.14567689E+000  0.23142942E-001
 3652018   2  0.43782099E+000  0.28431128E+000  0.71100898E-002
 3652018   2  0.10945525E-001  0.71077820E-002  0.17775224E-003
 3652018   2  0.10945525E-002  0.71077820E-003  0.17775224E-004
 3652018   2  0.25100000E+006  0.10040000E+007  0.25100000E+007  0.25100000E+007  0.00000000E+000  0.00000000E+000  0.00000000E+000  0.00000000E+000
 3652018   2  0.00000000E+000  0.29916370E-001  0.99928566E-001  0.63689346E-001  0.00000000E+000  0.00000000E+000  0.00000000E+000  0.00000000E+000
 3652018   2  0.00000000E+000  0.67678009E-001  0.22606240E+000  0.14408059E+000  0.00000000E+000  0.00000000E+000  0.00000000E+000  0.00000000E+000
 3652018   2  0.00000000E+000  0.16919502E-002  0.56515600E-002  0.36020146E-002  0.00000000E+000  0.00000000E+000  0.00000000E+000  0.00000000E+000
 3652018   2  0.00000000E+000  0.16919502E-003  0.56515600E-003  0.36020146E-003  0.00000000E+000  0.00000000E+000  0.00000000E+000  0.00000000E+000
 3652018   2  0.10650488E+000  0.38417283E+000  0.39303877E+000  0.15884695E+000  0.00000000E+000  0.00000000E+000  0.00000000E+000  0.00000000E+000
 3652018   2  0.26626221E-002  0.96043208E-002  0.98259693E-002  0.39711738E-002  0.00000000E+000  0.00000000E+000  0.00000000E+000  0.00000000E+000
 3652018   2  0.26626221E-003  0.96043208E-003  0.98259693E-003  0.39711738E-003  0.00000000E+000  0.00000000E+000  0.00000000E+000  0.00000000E+000
 3652018   2  0.75324280E+002  0.27171146E+003  0.27798202E+003  0.11234667E+003  0.00000000E+000  0.00000000E+000  0.00000000E+000  0.00000000E+000
 3652018   2  0.25100000E+006  0.10040000E+007  0.25100000E+007  0.00000000E+000  0.00000000E+000  0.00000000E+000  0.00000000E+000  0.00000000E+000
 3652018   2  0.00000000E+000  0.29950495E-001  0.95726392E-001  0.00000000E+000  0.00000000E+000  0.00000000E+000  0.00000000E+000  0.00000000E+000
 3652018   2  0.00000000E+000  0.67755208E-001  0.21655607E+000  0.00000000E+000  0.00000000E+000  0.00000000E+000  0.00000000E+000  0.00000000E+000
 3652018   2  0.00000000E+000  0.16938802E-002  0.54139018E-002  0.00000000E+000  0.00000000E+000  0.00000000E+000  0.00000000E+000  0.00000000E+000
 3652018   2  0.00000000E+000  0.16938802E-003  0.54139018E-003  0.00000000E+000  0.00000000E+000  0.00000000E+000  0.00000000E+000  0.00000000E+000
 3652018   2  0.85383133E-001  0.26876619E+000  0.24080241E+000  0.00000000E+000  0.00000000E+000  0.00000000E+000  0.00000000E+000  0.00000000E+000
 3652018   2  0.21345783E-002  0.67191547E-002  0.60200602E-002  0.00000000E+000  0.00000000E+000  0.00000000E+000  0.00000000E+000  0.00000000E+000
 3652018   2  0.21345783E-003  0.67191547E-003  0.60200602E-003  0.00000000E+000  0.00000000E+000  0.00000000E+000  0.00000000E+000  0.00000000E+000
 3652018   2  0.60385583E+002  0.19008854E+003  0.17031078E+003  0.00000000E+000  0.00000000E+000  0.00000000E+000  0.00000000E+000  0.00000000E+000
 3652018   2  0.25100000E+006  0.10040000E+007  0.00000000E+000  0.00000000E+000  0.00000000E+000  0.00000000E+000  0.00000000E+000  0.00000000E+000
 3652018   2  0.00000000E+000  0.31429423E-002  0.00000000E+000  0.00000000E+000  0.00000000E+000  0.00000000E+000  0.00000000E+000  0.00000000E+000
 3652018   2  0.00000000E+000  0.71100898E-002  0.00000000E+000  0.00000000E+000  0.00000000E+000  0.00000000E+000  0.00000000E+000  0.00000000E+000
 3652018   2  0.00000000E+000  0.17775224E-003  0.00000000E+000  0.00000000E+000  0.00000000E+000  0.00000000E+000  0.00000000E+000  0.00000000E+000
 3652018   2  0.00000000E+000  0.17775224E-004  0.00000000E+000  0.00000000E+000  0.00000000E+000  0.00000000E+000  0.00000000E+000  0.00000000E+000
 3652018   2  0.21491656E-002  0.66118231E-002  0.00000000E+000  0.00000000E+000  0.00000000E+000  0.00000000E+000  0.00000000E+000  0.00000000E+000
 3652018   2  0.53729141E-004  0.16529558E-003  0.00000000E+000  0.00000000E+000  0.00000000E+000  0.00000000E+000  0.00000000E+000  0.00000000E+000
 3652018   2  0.53729141E-005  0.16529558E-004  0.00000000E+000  0.00000000E+000  0.00000000E+000  0.00000000E+000  0.00000000E+000  0.00000000E+000
 3652018   2  0.15192153E+001  0.46763018E+001  0.00000000E+000  0.00000000E+000  0.00000000E+000  0.00000000E+000  0.00000000E+000  0.00000000E+000
 3652018   2 -0.33310498E-001 -0.79268922E-003 -0.14786516E-002 -0.25178462E-002 -0.10000000E-001 -0.10000000E-001 -0.10000000E-001 -0.10000000E-001
 3652018   2 -0.17001437E+001 -0.16833113E+001 -0.16723028E+001 -0.16806546E+001 -0.12600000E+001 -0.12600000E+001 -0.12600000E+001 -0.12600000E+001
 3652018   2  0.16668332E+001  0.16825186E+001  0.16708242E+001  0.16781367E+001  0.12500000E+001  0.12500000E+001  0.12500000E+001  0.12500000E+001
 3652018   2  0.00000000E+000  0.00000000E+000  0.00000000E+000  0.00000000E+000  0.00000000E+000  0.00000000E+000  0.00000000E+000  0.00000000E+000
 3652018   2  0.75300000E+006  0.30120000E+007  0.50200000E+007  0.25100000E+007  0.00000000E+000  0.00000000E+000  0.00000000E+000  0.00000000E+000
 3652018   2  0.16914852E-002  0.82596082E-003  0.38782681E+002  0.10991286E+002  0.00000000E+000  0.00000000E+000  0.00000000E+000  0.00000000E+000
 3652018   2  0.16914852E+000  0.20649020E-001  0.38782681E+003  0.10991286E+003  0.00000000E+000  0.00000000E+000  0.00000000E+000  0.00000000E+000
 3652018   2  0.88586291E-011  0.43664200E-011  0.20359859E-006  0.57953814E-007  0.00000000E+000  0.00000000E+000  0.00000000E+000  0.00000000E+000
 3652018   2  0.79727662E-010  0.39297780E-010  0.18323873E-005  0.52158433E-006  0.00000000E+000  0.00000000E+000  0.00000000E+000  0.00000000E+000
 3652018   2  0.50000000E-005  0.50000000E-005  0.50000000E-005  0.50000000E-005  0.50000000E-005  0.50000000E-005  0.50000000E-005  0.50000000E-005
 3652018   2  0.50000000E-005  0.50000000E-005  0.50000000E-005  0.50000000E-005  0.50000000E-005  0.50000000E-005  0.50000000E-005  0.50000000E-005
 3652018   2  0.53138007E-007  0.25947559E-007  0.12183579E-002  0.34529125E-003  0.00000000E+000  0.00000000E+000  0.00000000E+000  0.00000000E+000
 3652018   2  0.10000000E-002  0.10000000E-002  0.30902535E-002  0.17515994E-002  0.10000000E-002  0.10000000E-002  0.10000000E-002  0.10000000E-002
 3652018   2  0.13856992E-005  0.51601468E-005  0.69082345E-004  0.29276747E-004  0.00000000E+000  0.00000000E+000  0.00000000E+000  0.00000000E+000
 3652018   2 -0.15358208E-010 -0.78922665E-011 -0.67585661E-004 -0.28479721E-004  0.00000000E+000  0.00000000E+000  0.00000000E+000  0.00000000E+000
 3652018   2  0.15358208E-010  0.78922665E-011  0.67585661E-004  0.28479721E-004  0.00000000E+000  0.00000000E+000  0.00000000E+000  0.00000000E+000
 3652018   2  0.00000000E+000  0.00000000E+000  0.00000000E+000  0.00000000E+000  0.00000000E+000  0.00000000E+000  0.00000000E+000  0.00000000E+000
 3652018   2  0.00000000E+000  0.00000000E+000  0.00000000E+000  0.00000000E+000  0.00000000E+000  0.00000000E+000  0.00000000E+000  0.00000000E+000
 3652018   2  0.00000000E+000  0.00000000E+000  0.00000000E+000  0.00000000E+000  0.00000000E+000  0.00000000E+000  0.00000000E+000  0.00000000E+000
 3652018   2  0.00000000E+000  0.00000000E+000  0.00000000E+000  0.00000000E+000  0.00000000E+000  0.00000000E+000  0.00000000E+000  0.00000000E+000
 3652018   2  0.00000000E+000  0.00000000E+000  0.00000000E+000  0.00000000E+000  0.00000000E+000  0.00000000E+000  0.00000000E+000  0.00000000E+000
 3652018   2  0.35215526E-008  0.21757090E-008  0.55891774E-004  0.74943071E-005  0.00000000E+000  0.00000000E+000  0.00000000E+000  0.00000000E+000
 3652018   2  0.00000000E+000  0.00000000E+000  0.00000000E+000  0.00000000E+000  0.00000000E+000  0.00000000E+000  0.00000000E+000  0.00000000E+000
 3652018   2  0.00000000E+000  0.00000000E+000  0.00000000E+000  0.00000000E+000  0.00000000E+000  0.00000000E+000  0.00000000E+000  0.00000000E+000
 3652018   2  0.00000000E+000  0.00000000E+000  0.00000000E+000  0.00000000E+000  0.00000000E+000  0.00000000E+000  0.00000000E+000  0.00000000E+000
 3652018   2  0.00000000E+000  0.00000000E+000  0.00000000E+000  0.00000000E+000  0.00000000E+000  0.00000000E+000  0.00000000E+000  0.00000000E+000
 3652018   2  0.23915909E-005  0.11678260E-005  0.54834833E-001  0.15540579E-001  0.00000000E+000  0.00000000E+000  0.00000000E+000  0.00000000E+000
 3652018   2  0.15980578E-001  0.54458850E-001  0.12813498E+000  0.62657123E-001  0.00000000E+000  0.00000000E+000  0.00000000E+000  0.00000000E+000
 3652018   2  0.14947443E-006  0.72989125E-007  0.34271771E-002  0.97128620E-003  0.00000000E+000  0.00000000E+000  0.00000000E+000  0.00000000E+000
 3652018   2  0.37201500E-005  0.13437404E-004  0.18177041E-003  0.77957663E-004  0.00000000E+000  0.00000000E+000  0.00000000E+000  0.00000000E+000
 3652018   2  0.00000000E+000  0.00000000E+000  0.32399114E-005  0.81943900E-006  0.00000000E+000  0.00000000E+000  0.00000000E+000  0.00000000E+000
 3652018   2  0.00000000E+000  0.00000000E+000  0.16574929E-004  0.65313487E-005  0.00000000E+000  0.00000000E+000  0.00000000E+000  0.00000000E+000
 3652018   2  0.00000000E+000  0.00000000E+000  0.79610628E-005  0.22925359E-005  0.00000000E+000  0.00000000E+000  0.00000000E+000  0.00000000E+000
 3652018   2  0.00000000E+000  0.00000000E+000  0.78979348E-007  0.50351789E-008  0.00000000E+000  0.00000000E+000  0.00000000E+000  0.00000000E+000
 3652018   2  0.00000000E+000  0.00000000E+000  0.49447303E-005  0.11574437E-005  0.00000000E+000  0.00000000E+000  0.00000000E+000  0.00000000E+000
 3652018   2  0.00000000E+000  0.00000000E+000  0.36420084E-004  0.14589567E-004  0.00000000E+000  0.00000000E+000  0.00000000E+000  0.00000000E+000
 3652018   2  0.00000000E+000  0.00000000E+000  0.00000000E+000  0.00000000E+000  0.00000000E+000  0.00000000E+000  0.00000000E+000  0.00000000E+000
 3652018   2  0.00000000E+000  0.00000000E+000  0.00000000E+000  0.00000000E+000  0.00000000E+000  0.00000000E+000  0.00000000E+000  0.00000000E+000
 3652018   2  0.00000000E+000  0.00000000E+000  0.97830415E+000  0.97275354E+000  0.10000000E+001  0.10000000E+001  0.10000000E+001  0.10000000E+001
 3652018   2  0.15978187E-001  0.54457682E-001  0.73300150E-001  0.47116543E-001  0.00000000E+000  0.00000000E+000  0.00000000E+000  0.00000000E+000
 3652018   2  0.15698996E-002  0.56248376E-002  0.77492708E-002  0.47144534E-002  0.00000000E+000  0.00000000E+000  0.00000000E+000  0.00000000E+000
 3652018   2  0.23685194E-003  0.86807414E-003  0.11459709E-002  0.68843622E-003  0.00000000E+000  0.00000000E+000  0.00000000E+000  0.00000000E+000
 3652018   2  0.20000000E-001  0.20000000E-001  0.20000000E-001
 3652018   2  0.00000000E+000  0.00000000E+000  0.00000000E+000
 3652018   2  0.00000000E+000  0.00000000E+000  0.00000000E+000
 3652018   2  0.00000000E+000  0.00000000E+000  0.00000000E+000
 3652018   2  0.25100000E+006  0.10040000E+007  0.25100000E+007  0.25100000E+007  0.00000000E+000  0.00000000E+000  0.00000000E+000  0.00000000E+000
 3652018   2  0.00000000E+000  0.00000000E+000  0.00000000E+000  0.00000000E+000  0.00000000E+000  0.00000000E+000  0.00000000E+000  0.00000000E+000
 3652018   2  0.00000000E+000  0.00000000E+000  0.00000000E+000  0.00000000E+000  0.00000000E+000  0.00000000E+000  0.00000000E+000  0.00000000E+000
 3652018   2  0.00000000E+000  0.00000000E+000  0.00000000E+000  0.00000000E+000  0.00000000E+000  0.00000000E+000  0.00000000E+000  0.00000000E+000
 3652018   2  0.00000000E+000  0.00000000E+000  0.00000000E+000  0.00000000E+000  0.00000000E+000  0.00000000E+000  0.00000000E+000  0.00000000E+000
 3652018   2  0.12025516E-005  0.11661980E-005  0.35176009E-001  0.15540579E-001  0.00000000E+000  0.00000000E+000  0.00000000E+000  0.00000000E+000
 3652018   2  0.30063790E-007  0.29154950E-007  0.87940023E-003  0.38851448E-003  0.00000000E+000  0.00000000E+000  0.00000000E+000  0.00000000E+000
 3652018   2  0.30063790E-008  0.29154950E-008  0.87940023E-004  0.38851448E-004  0.00000000E+000  0.00000000E+000  0.00000000E+000  0.00000000E+000
 3652018   2  0.34020838E+000  0.32992376E+000  0.99514843E+004  0.43965144E+004  0.00000000E+000  0.00000000E+000  0.00000000E+000  0.00000000E+000
 3652018   2  0.25100000E+006  0.10040000E+007  0.25100000E+007  0.00000000E+000  0.00000000E+000  0.00000000E+000  0.00000000E+000  0.00000000E+000
 3652018   2  0.00000000E+000  0.00000000E+000  0.00000000E+000  0.00000000E+000  0.00000000E+000  0.00000000E+000  0.00000000E+000  0.00000000E+000
 3652018   2  0.00000000E+000  0.00000000E+000  0.00000000E+000  0.00000000E+000  0.00000000E+000  0.00000000E+000  0.00000000E+000  0.00000000E+000
 3652018   2  0.00000000E+000  0.00000000E+000  0.00000000E+000  0.00000000E+000  0.00000000E+000  0.00000000E+000  0.00000000E+000  0.00000000E+000
 3652018   2  0.00000000E+000  0.00000000E+000  0.00000000E+000  0.00000000E+000  0.00000000E+000  0.00000000E+000  0.00000000E+000  0.00000000E+000
 3652018   2  0.11888320E-005  0.16279994E-008  0.19658824E-001  0.00000000E+000  0.00000000E+000  0.00000000E+000  0.00000000E+000  0.00000000E+000
 3652018   2  0.29720800E-007  0.40699984E-010  0.49147061E-003  0.00000000E+000  0.00000000E+000  0.00000000E+000  0.00000000E+000  0.00000000E+000
 3652018   2  0.29720800E-008  0.40699984E-011  0.49147061E-004  0.00000000E+000  0.00000000E+000  0.00000000E+000  0.00000000E+000  0.00000000E+000
 3652018   2  0.33632704E+000  0.46056988E-003  0.55615883E+004  0.00000000E+000  0.00000000E+000  0.00000000E+000  0.00000000E+000  0.00000000E+000
 3652018   2  0.25100000E+006  0.10040000E+007  0.00000000E+000  0.00000000E+000  0.00000000E+000  0.00000000E+000  0.00000000E+000  0.00000000E+000
 3652018   2  0.00000000E+000  0.00000000E+000  0.00000000E+000  0.00000000E+000  0.00000000E+000  0.00000000E+000  0.00000000E+000  0.00000000E+000
 3652018   2  0.00000000E+000  0.00000000E+000  0.00000000E+000  0.00000000E+000  0.00000000E+000  0.00000000E+000  0.00000000E+000  0.00000000E+000
 3652018   2  0.00000000E+000  0.00000000E+000  0.00000000E+000  0.00000000E+000  0.00000000E+000  0.00000000E+000  0.00000000E+000  0.00000000E+000
 3652018   2  0.00000000E+000  0.00000000E+000  0.00000000E+000  0.00000000E+000  0.00000000E+000  0.00000000E+000  0.00000000E+000  0.00000000E+000
 3652018   2  0.20727772E-009  0.00000000E+000  0.00000000E+000  0.00000000E+000  0.00000000E+000  0.00000000E+000  0.00000000E+000  0.00000000E+000
 3652018   2  0.51819429E-011  0.00000000E+000  0.00000000E+000  0.00000000E+000  0.00000000E+000  0.00000000E+000  0.00000000E+000  0.00000000E+000
 3652018   2  0.51819429E-012  0.00000000E+000  0.00000000E+000  0.00000000E+000  0.00000000E+000  0.00000000E+000  0.00000000E+000  0.00000000E+000
 3652018   2  0.58639993E-004  0.00000000E+000  0.00000000E+000  0.00000000E+000  0.00000000E+000  0.00000000E+000  0.00000000E+000  0.00000000E+000
 3652018   2  0.00000000E+000  0.00000000E+000  0.00000000E+000  0.00000000E+000  0.00000000E+000  0.00000000E+000  0.00000000E+000  0.00000000E+000
 3652018   2  0.00000000E+000  0.00000000E+000  0.00000000E+000  0.00000000E+000  0.00000000E+000  0.00000000E+000  0.00000000E+000  0.00000000E+000
 3652018   2  0.00000000E+000  0.00000000E+000  0.00000000E+000  0.00000000E+000  0.00000000E+000  0.00000000E+000  0.00000000E+000  0.00000000E+000
 3652018   2  0.00000000E+000  0.00000000E+000  0.00000000E+000  0.00000000E+000  0.00000000E+000  0.00000000E+000  0.00000000E+000  0.00000000E+000
 3652018   2  0.00000000E+000  0.00000000E+000  0.00000000E+000  0.00000000E+000  0.00000000E+000  0.00000000E+000  0.00000000E+000  0.00000000E+000
 3652018   2  0.00000000E+000  0.00000000E+000  0.00000000E+000  0.00000000E+000  0.00000000E+000  0.00000000E+000  0.00000000E+000  0.00000000E+000
