    ORGC   365    24  1995     1     1  0.872885E+02 -0.581683E+04 -0.695078E+04  0.596061E+03  0.125118E+04  0.204138E+04  0.706723E+03  0.497387E+04  0.510775E+04  0.127156E+04  0.318130E+03
    ORGC   365    24  1996     1     1  0.883772E+02 -0.468273E+06 -0.789750E+04 -0.245385E+05 -0.138441E+07 -0.386096E+06  0.715740E+03  0.496568E+04  0.510398E+04  0.127108E+04  0.318079E+03
    ORGC   365    24  1997     1     1  0.891890E+02 -0.628902E+06 -0.846909E+04 -0.404815E+05 -0.593888E+07 -0.110468E+07 -0.420632E+05  0.502243E+04  0.510302E+04  0.127094E+04  0.318053E+03
    ORGC   365    24  1998     1     1  0.891060E+02 -0.225908E+07 -0.874398E+04 -0.484001E+05 -0.133813E+08 -0.112289E+07 -0.600814E+05  0.519798E+04  0.510406E+04  0.127092E+04  0.318052E+03
    ORGC   365    24  1999     1     1  0.890906E+02 -0.228659E+07 -0.911376E+04 -0.533075E+05 -0.256319E+08 -0.112281E+07 -0.604211E+05  0.532474E+04  0.510594E+04  0.127112E+04  0.318121E+03
    ORGC   365    24  2000     1     1  0.893002E+02 -0.228677E+07 -0.924406E+04 -0.566942E+05 -0.448368E+08 -0.112263E+07 -0.242677E+06  0.534471E+04  0.510817E+04  0.127138E+04  0.318265E+03
    ORGC   365    24  2001     1     1  0.902000E+02 -0.228699E+07 -0.932303E+04 -0.590336E+05 -0.648675E+08 -0.112242E+07 -0.513942E+06  0.534471E+04  0.511154E+04  0.127175E+04  0.318430E+03
    ORGC   365    24  2002     1     1  0.909719E+02 -0.228722E+07 -0.936759E+04 -0.609594E+05 -0.822966E+08 -0.112220E+07 -0.518787E+06  0.534651E+04  0.511384E+04  0.127209E+04  0.318598E+03
    ORGC   365    24  2003     1     1  0.912053E+02 -0.228743E+07 -0.940058E+04 -0.623820E+05 -0.985662E+08 -0.112201E+07 -0.518823E+06  0.534396E+04  0.511768E+04  0.127254E+04  0.318773E+03
    ORGC   365    24  2004     1     1  0.921602E+02 -0.228762E+07 -0.940163E+04 -0.633387E+05 -0.118032E+09 -0.112180E+07 -0.518778E+06  0.534239E+04  0.512093E+04  0.127299E+04  0.318954E+03
    ORGC   365    24  2005     1     1  0.929075E+02 -0.228749E+07 -0.908676E+04 -0.638576E+05 -0.128519E+09 -0.112157E+07 -0.518725E+06  0.534478E+04  0.512315E+04  0.127338E+04  0.319119E+03
    ORGC   365    24  2006     1     1  0.929114E+02 -0.228797E+07 -0.933683E+04 -0.641898E+05 -0.153270E+09 -0.112136E+07 -0.518676E+06  0.534414E+04  0.512580E+04  0.127380E+04  0.319282E+03
    ORGC   365    24  2007     1     1  0.917442E+02 -0.228805E+07 -0.929364E+04 -0.643394E+05 -0.168766E+09 -0.112113E+07 -0.518626E+06  0.503550E+04 -0.165703E+05  0.131344E+04  0.319556E+03
    ORGC   365    24  2008     1     1  0.908879E+02 -0.228820E+07 -0.924527E+04 -0.643853E+05 -0.188044E+09 -0.112095E+07 -0.518588E+06  0.503404E+04 -0.421524E+05  0.130963E+04  0.319787E+03
    ORGC   365    24  2009     1     1  0.633208E+02 -0.173965E+07 -0.557841E+06 -0.644309E+05 -0.204334E+09 -0.112080E+07 -0.518550E+06  0.503846E+04 -0.427581E+05  0.131517E+04  0.320051E+03
    ORGC   365    24  2010     1     1  0.640877E+02 -0.173865E+07  0.361890E+06 -0.644973E+05 -0.221150E+09 -0.112076E+07 -0.518541E+06  0.504762E+04 -0.427773E+05  0.132041E+04  0.320343E+03
    ORGC   365    24  2011     1     1  0.662516E+02 -0.173930E+07 -0.557733E+06 -0.645142E+05 -0.242098E+09 -0.112062E+07 -0.518507E+06  0.505034E+04 -0.453225E+05  0.132451E+04  0.320741E+03
    ORGC   365    24  2012     1     1  0.464718E+02 -0.135535E+07 -0.941762E+06 -0.645501E+05 -0.257817E+09 -0.112059E+07 -0.518492E+06  0.506343E+04 -0.453984E+05  0.132492E+04  0.321049E+03
    ORGC   365    24  2013     1     1  0.471508E+02 -0.129759E+07  0.577587E+06 -0.645768E+05 -0.273820E+09 -0.112059E+07 -0.518492E+06  0.506415E+04 -0.454136E+05  0.132586E+04  0.321431E+03
    ORGC   365    24  2014     1     1  0.487055E+02 -0.135380E+07 -0.943268E+06 -0.646011E+05 -0.287712E+09 -0.112059E+07 -0.518492E+06  0.506424E+04 -0.454197E+05  0.132686E+04  0.321794E+03
    ORGC   365    24  2015     1     1  0.488855E+02 -0.135383E+07 -0.942860E+06 -0.646248E+05 -0.302507E+09 -0.112059E+07 -0.518492E+06  0.506424E+04 -0.454231E+05  0.132800E+04  0.322134E+03
    ORGC   365    24  2016     1     1  0.495044E+02 -0.135333E+07 -0.942272E+06 -0.646497E+05 -0.324698E+09 -0.112059E+07 -0.518492E+06  0.506421E+04 -0.454249E+05  0.132902E+04  0.322472E+03
    ORGC   365    24  2017     1     1  0.503055E+02 -0.135340E+07 -0.941767E+06 -0.646713E+05 -0.343594E+09 -0.112059E+07 -0.518492E+06  0.506417E+04 -0.454254E+05  0.132998E+04  0.322865E+03
    ORGC   365    24  2018     1     1  0.353616E+02 -0.108508E+07 -0.121018E+07 -0.646917E+05 -0.364284E+09 -0.112059E+07 -0.518492E+06  0.506413E+04 -0.454253E+05  0.133122E+04  0.323202E+03
    ORGC   365    24  2019     1     1  0.363040E+02 -0.108496E+07 -0.120874E+07 -0.647102E+05 -0.382060E+09 -0.112059E+07 -0.518492E+06  0.506411E+04 -0.454248E+05  0.133226E+04  0.323439E+03
    ORGC   365    24  2020     1     1  0.370500E+02 -0.107790E+07  0.273263E+06 -0.647281E+05 -0.398906E+09 -0.112059E+07 -0.518492E+06  0.506410E+04 -0.454237E+05  0.133305E+04  0.323584E+03
    ORGC   365    24  2021     1     1  0.389909E+02 -0.108430E+07 -0.120793E+07 -0.647445E+05 -0.414076E+09 -0.112059E+07 -0.518492E+06  0.506409E+04 -0.454224E+05  0.133366E+04  0.323776E+03
    ORGC   365    24  2022     1     1  0.391618E+02 -0.108428E+07 -0.120773E+07 -0.647597E+05 -0.427683E+09 -0.112059E+07 -0.518492E+06  0.506407E+04 -0.454213E+05  0.133505E+04  0.323924E+03
