    ORGN   365    24  1995     1     1  0.656774E+17 -0.140515E+17 -0.149415E+17  0.202146E+13 -0.148365E+17 -0.219369E+17  0.682426E+08  0.144114E+07  0.441764E+04  0.168305E+03  0.397651E+02
    ORGN   365    24  1996     1     1  0.656404E+17 -0.140430E+17 -0.149338E+17  0.191977E+14 -0.148347E+17 -0.219366E+17  0.545842E+10  0.223212E+09  0.841186E+06  0.281024E+04  0.445500E+02
    ORGN   365    24  1997     1     1  0.656314E+17 -0.140428E+17 -0.149401E+17  0.286343E+14 -0.148340E+17 -0.219345E+17  0.397688E+11  0.223098E+10  0.837959E+07  0.280271E+05  0.108895E+03
    ORGN   365    24  1998     1     1  0.656266E+17 -0.140441E+17 -0.149434E+17  0.320980E+14 -0.148319E+17 -0.219328E+17  0.148523E+12  0.132681E+11  0.105420E+09  0.732701E+06  0.372237E+04
    ORGN   365    24  1999     1     1  0.656253E+17 -0.140441E+17 -0.149455E+17  0.315669E+14 -0.148299E+17 -0.219319E+17  0.240307E+12  0.264278E+11  0.240837E+09  0.179020E+07  0.105562E+05
    ORGN   365    24  2000     1     1  0.656246E+17 -0.140441E+17 -0.149473E+17  0.298232E+14 -0.148286E+17 -0.219305E+17  0.326251E+12  0.647600E+11  0.567449E+09  0.405487E+07  0.251654E+05
    ORGN   365    24  2001     1     1  0.656243E+17 -0.140443E+17 -0.149492E+17  0.275347E+14 -0.148272E+17 -0.219289E+17  0.526546E+12  0.105387E+12  0.140239E+10  0.130886E+08  0.980163E+05
    ORGN   365    24  2002     1     1  0.656242E+17 -0.140443E+17 -0.149503E+17  0.251952E+14 -0.148261E+17 -0.219276E+17  0.678990E+12  0.140199E+12  0.215169E+10  0.228212E+08  0.190079E+06
    ORGN   365    24  2003     1     1  0.656241E+17 -0.140444E+17 -0.149512E+17  0.230660E+14 -0.148269E+17 -0.219255E+17  0.986264E+12  0.229336E+12  0.433121E+10  0.601968E+08  0.651648E+06
    ORGN   365    24  2004     1     1  0.656241E+17 -0.140444E+17 -0.149520E+17  0.209533E+14 -0.148269E+17 -0.219239E+17  0.127053E+13  0.329581E+12  0.701747E+10  0.109392E+09  0.130673E+07
    ORGN   365    24  2005     1     1  0.656241E+17 -0.140443E+17 -0.149523E+17  0.191972E+14 -0.148267E+17 -0.219231E+17  0.146246E+13  0.405415E+12  0.927284E+10  0.154837E+09  0.200207E+07
    ORGN   365    24  2006     1     1  0.656241E+17 -0.140444E+17 -0.149529E+17  0.168444E+14 -0.148264E+17 -0.219219E+17  0.172864E+13  0.521502E+12  0.127189E+11  0.223905E+09  0.309621E+07
    ORGN   365    24  2007     1     1  0.649072E+17 -0.139640E+17 -0.149019E+17  0.327791E+15 -0.146407E+17 -0.219109E+17  0.224005E+13  0.658789E+12  0.398088E+11  0.434133E+09  0.542001E+07
    ORGN   365    24  2008     1     1  0.640255E+17 -0.139751E+17 -0.149388E+17  0.717189E+15 -0.143260E+17 -0.218250E+17  0.522124E+13  0.105891E+13  0.990153E+11  0.110642E+10  0.111897E+08
    ORGN   365    24  2009     1     1  0.445357E+17 -0.769902E+16 -0.212330E+16  0.801710E+15 -0.142413E+17 -0.217359E+17  0.946271E+13  0.161944E+13  0.125753E+12  0.182680E+10  0.203504E+08
    ORGN   365    24  2010     1     1  0.444491E+17 -0.769884E+16 -0.212361E+16  0.796546E+15 -0.142757E+17 -0.216592E+17  0.143598E+14  0.237623E+13  0.147511E+12  0.263384E+10  0.326983E+08
    ORGN   365    24  2011     1     1  0.443894E+17 -0.769917E+16 -0.212472E+16  0.768339E+15 -0.143483E+17 -0.215613E+17  0.252422E+14  0.457626E+13  0.189839E+12  0.477826E+10  0.639720E+08
    ORGN   365    24  2012     1     1  0.310634E+17 -0.331515E+16  0.680841E+16  0.743054E+15 -0.143795E+17 -0.215211E+17  0.309443E+14  0.595789E+13  0.220934E+12  0.604230E+10  0.871264E+08
    ORGN   365    24  2013     1     1  0.310524E+17 -0.331589E+16  0.680923E+16  0.716316E+15 -0.144340E+17 -0.214697E+17  0.413618E+14  0.928932E+13  0.300121E+12  0.846408E+10  0.144134E+09
    ORGN   365    24  2014     1     1  0.310471E+17 -0.331621E+16  0.680774E+16  0.698945E+15 -0.144882E+17 -0.214314E+17  0.514140E+14  0.130529E+14  0.403112E+12  0.114047E+11  0.212547E+09
    ORGN   365    24  2015     1     1  0.310419E+17 -0.331587E+16  0.680767E+16  0.681202E+15 -0.145412E+17 -0.213998E+17  0.621384E+14  0.177439E+14  0.537725E+12  0.149237E+11  0.289946E+09
    ORGN   365    24  2016     1     1  0.310388E+17 -0.331583E+16  0.680651E+16  0.659861E+15 -0.145661E+17 -0.213814E+17  0.690200E+14  0.211885E+14  0.656354E+12  0.183134E+11  0.376954E+09
    ORGN   365    24  2017     1     1  0.310362E+17 -0.331610E+16  0.680520E+16  0.630854E+15 -0.145976E+17 -0.213641E+17  0.801377E+14  0.280032E+14  0.905365E+12  0.252554E+11  0.544738E+09
    ORGN   365    24  2018     1     1  0.217239E+17 -0.250001E+15  0.130485E+17  0.610669E+15 -0.146199E+17 -0.213536E+17  0.880035E+14  0.337773E+14  0.114372E+13  0.321977E+11  0.712133E+09
    ORGN   365    24  2019     1     1  0.217229E+17 -0.250271E+15  0.130484E+17  0.591113E+15 -0.146399E+17 -0.213469E+17  0.960093E+14  0.401533E+14  0.142016E+13  0.404311E+11  0.920297E+09
    ORGN   365    24  2020     1     1  0.217219E+17 -0.250454E+15  0.130474E+17  0.573001E+15 -0.146532E+17 -0.213457E+17  0.102473E+15  0.469476E+14  0.174865E+13  0.507189E+11  0.118252E+10
    ORGN   365    24  2021     1     1  0.217211E+17 -0.250753E+15  0.130460E+17  0.554060E+15 -0.146763E+17 -0.213461E+17  0.110675E+15  0.562236E+14  0.225644E+13  0.680062E+11  0.162581E+10
    ORGN   365    24  2022     1     1  0.217207E+17 -0.250668E+15  0.130452E+17  0.538909E+15 -0.146845E+17 -0.213483E+17  0.115624E+15  0.631619E+14  0.266845E+13  0.828367E+11  0.202700E+10
