-0.033,-1.5,0.2,5.33,400,10,1,0,0,0,0,0,0,1,1,1,8,0,2,0
0.01,0.05,0.15,0.25,0.55,0.65,1.35,2.0
1.5,1.5,1.5,1.5,1.600000023841858,1.600000023841858,1.649999976158142,1.7999999523162842
0.19799999237060548,0.19799999237060548,0.19799999237060548,0.19799999237060548,0.20600000381469727,0.20600000381469727,0.3290000152587891,0.285
0.10600000381469726,0.10600000381469726,0.10600000381469726,0.10600000381469726,0.11600000381469727,0.11600000381469727,0.22899999618530273,0.27100000381469724
33.0120002746582,33.0120002746582,33.0120002746582,33.0120002746582,27.93600082397461,27.93600082397461,3.3120000600814805,2.664000034332275
33.0120002746582,33.0120002746582,33.0120002746582,33.0120002746582,27.93600082397461,27.93600082397461,3.3120000600814805,2.664000034332275
610.0,610.0,610.0,610.0,600.0,600.0,220.0,350.0
300.0,300.0,300.0,300.0,250.0,250.0,430.0,300.0
0.01,0.01,0.01,0.01,0.0,0.0,0.0,0.0
0,0,0,0,0,0,0,0
6.5,6.5,6.5,6.5,6.199999809265137,6.199999809265137,7.0,7.599999904632568
10.5,10.5,10.5,10.5,14.5,14.5,19.0,22.0
2.5,2.5,2.5,2.5,2.5,2.5,2.5,2.5
8.7,8.7,8.7,8.7,4.35,4.35,4.35,4.35
0,0,0,0,0,0,0,0
-1,-1,-1,-1,-1,-1,-1,-1
-1,-1,-1,-1,-1,-1,-1,-1
3,3,3,3,3,3,3,3
12,12,12,12,12,12,12,12
10,10,10,10,10,10,10,10
-1,-1,-1,-1,-1,-1,-1,-1
-1,-1,-1,-1,-1,-1,-1,-1
40,40,40,40,40,40,40,40
120,120,120,120,120,120,120,120
23,23,23,23,23,23,23,23
39,39,39,39,39,39,39,39
48,48,48,48,48,48,48,48
35,35,35,35,35,35,35,35
50,50,50,50,50,50,50,50
50,50,50,50,50,50,50,50
50,50,50,50,50,50,50,50
50,50,50,50,50,50,50,50
1000,1000,1000,1000,1000,1000,1000,1000
2000,2000,2000,2000,2000,2000,2000,2000
0,0,0,0,0,0,0,0
0,0,0,0,0,0,0,0
0.025,0.025,0.025,0.025,0.025,0.025,0.025,0.025
0.25,0.25,0.25,0.25,0.25,0.25,0.25,0.25
0.25,0.25,0.25,0.25,0.25,0.25,0.25,0.25
0.6,0.6,0.6,0.6,0.6,0.6,0.6,0.6
0.16,0.16,0.16,0.16,0.16,0.16,0.16,0.16
3,3,3,3,3,3,3,3
1,1,1,1,1,1,1,1
0,0,0,0,0,0,0,0
45,45,45,45,45,45,45,45
1.5,1.5,1.5,1.5,1.5,1.5,1.5,1.5
0.15,0.15,0.15,0.15,0.15,0.15,0.15,0.15
0,0,0,0,0,0,0,0
0,0,0,0,0,0,0,0
0,0,0,0,0,0,0,0
0,0,0,0,0,0,0,0
0,0,0,0,0,0,0,0
0,0,0,0,0,0,0,0
