 3651995   2   1   0   1   1   0
 3651995   2  0.00000000E+000  0.00000000E+000  0.00000000E+000  0.00000000E+000  0.00000000E+000  0.00000000E+000  0.00000000E+000  0.00000000E+000  0.00000000E+000  0.00000000E+000  0.00000000E+000  0.00000000E+000  0.00000000E+000  0.00000000E+000  0.00000000E+000
  0.00000000E+000  0.00000000E+000  0.00000000E+000  0.00000000E+000  0.00000000E+000  0.00000000E+000  0.00000000E+000  0.00000000E+000  0.00000000E+000
 3651995   2    1995     290 1000000 1000000   2   0   0   5  10   1   0   2   2   2   2   2
 3651995   2 -0.16595142E+003  0.78679778E-003  0.10480924E+008  0.36128018E-004  0.91398473E+006  0.36128018E-005  0.00000000E+000 -0.76612840E-001 -0.19412926E-003  0.56643339E+000 -0.19110725E-001  0.27313089E+003 -0.19110725E-001  0.27313089E+003  0.17309180E-001
  0.00000000E+000  0.87979798E-006 -0.40927669E-001 -0.16948585E+001  0.16539308E+001  0.45967925E-004  0.29265624E-001  0.00000000E+000  0.35000000E+003  0.00000000E+000  0.00000000E+000  0.00000000E+000  0.00000000E+000  0.00000000E+000  0.00000000E+000
 -0.73627141E-001  0.00000000E+000  0.00000000E+000  0.00000000E+000 -0.14025788E+003  0.46803599E-003  0.35000000E+003  0.35000000E+003  0.00000000E+000  0.00000000E+000  0.00000000E+000  0.19264307E-001  0.00000000E+000  0.95000000E+000  0.00000000E+000
  0.00000000E+000  0.00000000E+000  0.00000000E+000  0.00000000E+000  0.00000000E+000
 3651995   2  0.45000000E+001  0.35000000E+001  0.25000000E+001  0.15000000E+001  0.50000000E+000
 3651995   2  0.46209582E+001  0.46209582E+001  0.46209582E+001  0.45007125E+001  0.35001196E+001
 3651995   2  0.30000000E+001  0.30000000E+001  0.30000000E+001  0.30000000E+001  0.30000000E+001
 3651995   2  0.00000000E+000  0.00000000E+000  0.00000000E+000  0.00000000E+000  0.00000000E+000
 3651995   2  0.97257491E+000  0.97257491E+000  0.97257491E+000  0.90042748E+000  0.30007179E+000
 3651995   2  0.00000000E+000  0.00000000E+000  0.00000000E+000  0.00000000E+000  0.00000000E+000
 3651995   2  0.00000000E+000  0.00000000E+000  0.00000000E+000  0.00000000E+000  0.00000000E+000
 3651995   2  0.00000000E+000  0.00000000E+000  0.00000000E+000  0.00000000E+000  0.00000000E+000
 3651995   2  0.00000000E+000  0.00000000E+000  0.00000000E+000  0.00000000E+000  0.00000000E+000
 3651995   2  0.00000000E+000  0.00000000E+000  0.00000000E+000  0.00000000E+000  0.00000000E+000
 3651995   2  0.37400000E+003  0.37450000E+003  0.37450000E+003  0.37450000E+003  0.37450000E+003
 3651995   2  0.21600000E+003  0.21600000E+003  0.21600000E+003  0.21600000E+003  0.21600000E+003
 3651995   2  0.21600000E+003  0.21600000E+003  0.21600000E+003  0.21600000E+003  0.21600000E+003
 3651995   2  0.00000000E+000  0.00000000E+000  0.00000000E+000  0.00000000E+000  0.00000000E+000
 3651995   2  0.16543530E+003  0.68978747E+002  0.69175562E+002  0.69104939E+002  0.69214181E+002
 3651995   2  0.00000000E+000  0.00000000E+000  0.00000000E+000  0.00000000E+000  0.00000000E+000
 3651995   2  0.00000000E+000  0.00000000E+000  0.00000000E+000  0.00000000E+000  0.00000000E+000
 3651995   2     1     1     1     1     1
 3651995   2     0     0     0     0     0
 3651995   2     0     0     0     0     0
 3651995   2     0     0     0     0     0
 3651995   2     0     0     0     0     0
 3651995   2     0     0     0     0     0
 3651995   2     0     1     2     3     4
 3651995   2     1     1     1     1     1
 3651995   2     1     1     1     1     1
 3651995   2     1     1     1     1     1
 3651995   2   296   296   296   296   296
 3651995   2     0     0     0     0     0
 3651995   2     0     0     0     0     0
 3651995   2     0     0     0     0     0
 3651995   2     0     0     0     0     0
 3651995   2     0     0     0     0     0
 3651995   2     0     0     0     0     0
 3651995   2     0     0     0     0     0
 3651995   2     0     0     0     0     0
 3651995   2     0     0     0     0     0
 3661996   2   0   0   0   0   1
 3661996   2  0.00000000E+000  0.00000000E+000  0.00000000E+000  0.00000000E+000  0.00000000E+000  0.00000000E+000  0.00000000E+000  0.00000000E+000  0.00000000E+000  0.00000000E+000  0.00000000E+000  0.00000000E+000  0.00000000E+000  0.00000000E+000  0.00000000E+000
  0.00000000E+000  0.00000000E+000  0.00000000E+000  0.00000000E+000  0.00000000E+000  0.00000000E+000  0.00000000E+000  0.00000000E+000  0.00000000E+000
 3651997   1   0   0   1
 3651997   1  0.00000000E+000  0.00000000E+000  0.00000000E+000  0.00000000E+000  0.00000000E+000  0.00000000E+000  0.00000000E+000  0.00000000E+000  0.00000000E+000  0.00000000E+000  0.00000000E+000  0.00000000E+000
 3651998   2   1   0   1   1   0
 3651998   2  0.00000000E+000  0.00000000E+000  0.00000000E+000  0.00000000E+000  0.00000000E+000  0.00000000E+000  0.00000000E+000  0.00000000E+000  0.00000000E+000  0.00000000E+000  0.00000000E+000  0.00000000E+000  0.00000000E+000  0.00000000E+000  0.00000000E+000
  0.00000000E+000  0.00000000E+000  0.00000000E+000  0.00000000E+000  0.00000000E+000  0.00000000E+000  0.00000000E+000  0.00000000E+000  0.00000000E+000
 3651998   2    1998     286 1000000 1000000   2   0   0   5  10   1   0   1   2   2   2
 3651998   2 -0.25708343E+005  0.37199694E-002  0.34421351E-007  0.84755051E-004  0.18933761E-007  0.84755051E-005  0.00000000E+000 -0.49195091E-002  0.00000000E+000  0.00000000E+000 -0.86678186E+001  0.26448218E+003 -0.26549679E+001  0.27049503E+003  0.62883458E-002
  0.00000000E+000  0.19943954E-007 -0.21856687E+001 -0.27351822E+001  0.54951354E+000  0.80367650E-004  0.33341713E-002  0.00000000E+000  0.35000000E+003  0.00000000E+000  0.00000000E+000  0.00000000E+000  0.00000000E+000  0.18626451E-008 -0.11641532E-009
  0.00000000E+000 -0.19866096E+003  0.10480192E+008  0.91398473E+006  0.00000000E+000  0.24063565E-002  0.35000000E+003  0.35000000E+003  0.00000000E+000  0.00000000E+000  0.00000000E+000  0.00000000E+000  0.00000000E+000  0.95000000E+000  0.00000000E+000
  0.00000000E+000  0.00000000E+000  0.00000000E+000  0.00000000E+000  0.00000000E+000
 3651998   2  0.45000000E+001  0.35000000E+001  0.25000000E+001  0.15000000E+001  0.50000000E+000
 3651998   2  0.30000000E+001  0.30000000E+001  0.30000000E+001  0.30000000E+001  0.30000000E+001
 3651998   2  0.30000000E+001  0.30000000E+001  0.30000000E+001  0.30000000E+001  0.30000000E+001
 3651998   2  0.00000000E+000  0.00000000E+000  0.00000000E+000  0.00000000E+000  0.00000000E+000
 3651998   2  0.00000000E+000  0.00000000E+000  0.00000000E+000  0.00000000E+000  0.00000000E+000
 3651998   2  0.00000000E+000  0.00000000E+000  0.00000000E+000  0.00000000E+000  0.00000000E+000
 3651998   2  0.00000000E+000  0.00000000E+000  0.00000000E+000  0.00000000E+000  0.00000000E+000
 3651998   2  0.00000000E+000  0.00000000E+000  0.00000000E+000  0.00000000E+000  0.00000000E+000
 3651998   2  0.00000000E+000  0.00000000E+000  0.00000000E+000  0.00000000E+000  0.00000000E+000
 3651998   2  0.00000000E+000  0.00000000E+000  0.00000000E+000  0.00000000E+000  0.00000000E+000
 3651998   2  0.00000000E+000  0.00000000E+000  0.00000000E+000  0.00000000E+000  0.00000000E+000
 3651998   2  0.00000000E+000  0.00000000E+000  0.00000000E+000  0.00000000E+000  0.00000000E+000
 3651998   2  0.00000000E+000  0.00000000E+000  0.00000000E+000  0.00000000E+000  0.00000000E+000
 3651998   2  0.00000000E+000  0.00000000E+000  0.00000000E+000  0.00000000E+000  0.00000000E+000
 3651998   2  0.43460431E+003  0.69204810E+002  0.69280813E+002  0.69007277E+002  0.69078067E+002
 3651998   2  0.00000000E+000  0.00000000E+000  0.00000000E+000  0.00000000E+000  0.00000000E+000
 3651998   2  0.00000000E+000  0.00000000E+000  0.00000000E+000  0.00000000E+000  0.00000000E+000
 3651998   2     1     1     1     1     1
 3651998   2     0     0     0     0     0
 3651998   2     0     0     0     0     0
 3651998   2     0     0     0     0     0
 3651998   2     0     0     0     0     0
 3651998   2     0     0     0     0     0
 3651998   2     0     1     2     3     4
 3651998   2     1     1     1     1     1
 3651998   2     1     1     1     1     1
 3651998   2     0     0     0     0     0
 3651998   2     0     0     0     0     0
 3651998   2     0     0     0     0     0
 3651998   2     0     0     0     0     0
 3651998   2     0     0     0     0     0
 3651998   2     0     0     0     0     0
 3651998   2     0     0     0     0     0
 3651998   2     0     0     0     0     0
 3651998   2     0     0     0     0     0
 3651998   2     0     0     0     0     0
 3651998   2     0     0     0     0     0
 3651999   2   0   0   0   0   1
 3651999   2  0.00000000E+000  0.00000000E+000  0.00000000E+000  0.00000000E+000  0.00000000E+000  0.00000000E+000  0.00000000E+000  0.00000000E+000  0.00000000E+000  0.00000000E+000  0.00000000E+000  0.00000000E+000  0.00000000E+000  0.00000000E+000  0.00000000E+000
  0.00000000E+000  0.00000000E+000  0.00000000E+000  0.00000000E+000  0.00000000E+000  0.00000000E+000  0.00000000E+000  0.00000000E+000  0.00000000E+000
 3662000   1   0   0   1
 3662000   1  0.00000000E+000  0.00000000E+000  0.00000000E+000  0.00000000E+000  0.00000000E+000  0.00000000E+000  0.00000000E+000  0.00000000E+000  0.00000000E+000  0.00000000E+000  0.00000000E+000  0.00000000E+000
 3652001   1   0   0   1
 3652001   1  0.00000000E+000  0.00000000E+000  0.00000000E+000  0.00000000E+000  0.00000000E+000  0.00000000E+000  0.00000000E+000  0.00000000E+000  0.00000000E+000  0.00000000E+000  0.00000000E+000  0.00000000E+000
 3652002   1   0   0   1
 3652002   1  0.00000000E+000  0.00000000E+000  0.00000000E+000  0.00000000E+000  0.00000000E+000  0.00000000E+000  0.00000000E+000  0.00000000E+000  0.00000000E+000  0.00000000E+000  0.00000000E+000  0.00000000E+000
 3652003   1   0   0   1
 3652003   1  0.00000000E+000  0.00000000E+000  0.00000000E+000  0.00000000E+000  0.00000000E+000  0.00000000E+000  0.00000000E+000  0.00000000E+000  0.00000000E+000  0.00000000E+000  0.00000000E+000  0.00000000E+000
 3662004   1   0   0   1
 3662004   1  0.00000000E+000  0.00000000E+000  0.00000000E+000  0.00000000E+000  0.00000000E+000  0.00000000E+000  0.00000000E+000  0.00000000E+000  0.00000000E+000  0.00000000E+000  0.00000000E+000  0.00000000E+000
 3652005   2   1   0   1   1   0
 3652005   2  0.00000000E+000  0.00000000E+000  0.00000000E+000  0.00000000E+000  0.00000000E+000  0.00000000E+000  0.00000000E+000  0.00000000E+000  0.00000000E+000  0.00000000E+000  0.00000000E+000  0.00000000E+000  0.00000000E+000  0.00000000E+000  0.00000000E+000
  0.00000000E+000  0.00000000E+000  0.00000000E+000  0.00000000E+000  0.00000000E+000  0.00000000E+000  0.00000000E+000  0.00000000E+000  0.00000000E+000
 3652005   2    2005     289 1000000 1000000   2   0   0   5  10   1   0   1   2   2   2
 3652005   2 -0.58944962E+003  0.21127140E-002  0.67987677E-007  0.48439535E-004  0.37418844E-007  0.48439535E-005  0.00000000E+000 -0.33073860E-002  0.00000000E+000  0.00000000E+000  0.26779490E-001  0.27317678E+003  0.18085188E+001  0.27495852E+003  0.32665876E-001
  0.00000000E+000  0.30205235E-007 -0.30316994E-002 -0.16751330E+001  0.16721013E+001  0.68690551E-004  0.29499131E-002  0.00000000E+000  0.35000000E+003  0.00000000E+000  0.00000000E+000  0.00000000E+000  0.00000000E+000  0.18626451E-008 -0.11641532E-009
  0.00000000E+000 -0.25910718E+005  0.10480192E+008  0.91398473E+006  0.00000000E+000  0.12422582E-002  0.35000000E+003  0.35000000E+003  0.00000000E+000  0.00000000E+000  0.00000000E+000  0.00000000E+000  0.00000000E+000  0.95000000E+000  0.00000000E+000
  0.00000000E+000  0.00000000E+000  0.00000000E+000  0.00000000E+000  0.00000000E+000
 3652005   2  0.45000000E+001  0.35000000E+001  0.25000000E+001  0.15000000E+001  0.50000000E+000
 3652005   2  0.30000000E+001  0.30000000E+001  0.30000000E+001  0.30000000E+001  0.30000000E+001
 3652005   2  0.30000000E+001  0.30000000E+001  0.30000000E+001  0.30000000E+001  0.30000000E+001
 3652005   2  0.00000000E+000  0.00000000E+000  0.00000000E+000  0.00000000E+000  0.00000000E+000
 3652005   2  0.00000000E+000  0.00000000E+000  0.00000000E+000  0.00000000E+000  0.00000000E+000
 3652005   2  0.00000000E+000  0.00000000E+000  0.00000000E+000  0.00000000E+000  0.00000000E+000
 3652005   2  0.00000000E+000  0.00000000E+000  0.00000000E+000  0.00000000E+000  0.00000000E+000
 3652005   2  0.00000000E+000  0.00000000E+000  0.00000000E+000  0.00000000E+000  0.00000000E+000
 3652005   2  0.00000000E+000  0.00000000E+000  0.00000000E+000  0.00000000E+000  0.00000000E+000
 3652005   2  0.00000000E+000  0.00000000E+000  0.00000000E+000  0.00000000E+000  0.00000000E+000
 3652005   2  0.00000000E+000  0.00000000E+000  0.00000000E+000  0.00000000E+000  0.00000000E+000
 3652005   2  0.00000000E+000  0.00000000E+000  0.00000000E+000  0.00000000E+000  0.00000000E+000
 3652005   2  0.00000000E+000  0.00000000E+000  0.00000000E+000  0.00000000E+000  0.00000000E+000
 3652005   2  0.00000000E+000  0.00000000E+000  0.00000000E+000  0.00000000E+000  0.00000000E+000
 3652005   2  0.30487924E+003  0.69214654E+002  0.69029921E+002  0.68973387E+002  0.69150838E+002
 3652005   2  0.00000000E+000  0.00000000E+000  0.00000000E+000  0.00000000E+000  0.00000000E+000
 3652005   2  0.00000000E+000  0.00000000E+000  0.00000000E+000  0.00000000E+000  0.00000000E+000
 3652005   2     1     1     1     1     1
 3652005   2     0     0     0     0     0
 3652005   2     0     0     0     0     0
 3652005   2     0     0     0     0     0
 3652005   2     0     0     0     0     0
 3652005   2     0     0     0     0     0
 3652005   2     0     1     2     3     4
 3652005   2     1     1     1     1     1
 3652005   2     1     1     1     1     1
 3652005   2     0     0     0     0     0
 3652005   2     0     0     0     0     0
 3652005   2     0     0     0     0     0
 3652005   2     0     0     0     0     0
 3652005   2     0     0     0     0     0
 3652005   2     0     0     0     0     0
 3652005   2     0     0     0     0     0
 3652005   2     0     0     0     0     0
 3652005   2     0     0     0     0     0
 3652005   2     0     0     0     0     0
 3652005   2     0     0     0     0     0
 3652006   2   0   0   0   0   1
 3652006   2  0.00000000E+000  0.00000000E+000  0.00000000E+000  0.00000000E+000  0.00000000E+000  0.00000000E+000  0.00000000E+000  0.00000000E+000  0.00000000E+000  0.00000000E+000  0.00000000E+000  0.00000000E+000  0.00000000E+000  0.00000000E+000  0.00000000E+000
  0.00000000E+000  0.00000000E+000  0.00000000E+000  0.00000000E+000  0.00000000E+000  0.00000000E+000  0.00000000E+000  0.00000000E+000  0.00000000E+000
 3652007   1   0   0   1
 3652007   1  0.00000000E+000  0.00000000E+000  0.00000000E+000  0.00000000E+000  0.00000000E+000  0.00000000E+000  0.00000000E+000  0.00000000E+000  0.00000000E+000  0.00000000E+000  0.00000000E+000  0.00000000E+000
 3662008   1   0   0   1
 3662008   1  0.00000000E+000  0.00000000E+000  0.00000000E+000  0.00000000E+000  0.00000000E+000  0.00000000E+000  0.00000000E+000  0.00000000E+000  0.00000000E+000  0.00000000E+000  0.00000000E+000  0.00000000E+000
 3652009   1   0   0   1
 3652009   1  0.00000000E+000  0.00000000E+000  0.00000000E+000  0.00000000E+000  0.00000000E+000  0.00000000E+000  0.00000000E+000  0.00000000E+000  0.00000000E+000  0.00000000E+000  0.00000000E+000  0.00000000E+000
 3652010   2   1   0   1   1   0
 3652010   2  0.00000000E+000  0.00000000E+000  0.00000000E+000  0.00000000E+000  0.00000000E+000  0.00000000E+000  0.00000000E+000  0.00000000E+000  0.00000000E+000  0.00000000E+000  0.00000000E+000  0.00000000E+000  0.00000000E+000  0.00000000E+000  0.00000000E+000
  0.00000000E+000  0.00000000E+000  0.00000000E+000  0.00000000E+000  0.00000000E+000  0.00000000E+000  0.00000000E+000  0.00000000E+000  0.00000000E+000
 3652010   2    2010     289 1000000 1000000   2   0   0   5  10   1   0   2   2   2   2   2
 3652010   2 -0.91966653E+006  0.25854227E-002  0.59116478E-007  0.10101034E-003  0.61525891E-007  0.10101010E-004  0.00000000E+000 -0.22557645E+000 -0.30840198E-003  0.16756502E+001  0.65826647E+001  0.27973266E+003  0.65826647E+001  0.27973266E+003  0.11926551E+000
  0.00000000E+000  0.16643664E-005 -0.14430688E+001 -0.23834621E+001  0.94039330E+000  0.57473472E-004  0.46329373E-001  0.00000000E+000  0.35000000E+003  0.00000000E+000  0.00000000E+000  0.00000000E+000  0.00000000E+000  0.18626451E-008 -0.11641532E-009
 -0.22201361E+000 -0.26450185E+005  0.10480192E+008  0.91398473E+006  0.16245574E-003  0.19890864E-002  0.35000000E+003  0.35000000E+003  0.00000000E+000  0.00000000E+000  0.00000000E+000  0.32312168E-001  0.77073355E-005  0.95000000E+000  0.00000000E+000
  0.00000000E+000  0.00000000E+000  0.00000000E+000  0.00000000E+000  0.00000000E+000
 3652010   2  0.45000000E+001  0.35000000E+001  0.25000000E+001  0.15000000E+001  0.50000000E+000
 3652010   2  0.48543104E+001  0.47546734E+001  0.46301760E+001  0.45000809E+001  0.35007672E+001
 3652010   2  0.30000000E+001  0.30000000E+001  0.30000000E+001  0.30000000E+001  0.30000000E+001
 3652010   2  0.00000000E+000  0.00000000E+000  0.00000000E+000  0.00000000E+000  0.00000000E+000
 3652010   2  0.11125863E+001  0.10528041E+001  0.97810561E+000  0.90004853E+000  0.30046035E+000
 3652010   2  0.00000000E+000  0.00000000E+000  0.00000000E+000  0.00000000E+000  0.00000000E+000
 3652010   2  0.00000000E+000  0.00000000E+000  0.00000000E+000  0.00000000E+000  0.00000000E+000
 3652010   2  0.00000000E+000  0.00000000E+000  0.00000000E+000  0.00000000E+000  0.00000000E+000
 3652010   2  0.00000000E+000  0.00000000E+000  0.00000000E+000  0.00000000E+000  0.00000000E+000
 3652010   2  0.00000000E+000  0.00000000E+000  0.00000000E+000  0.00000000E+000  0.00000000E+000
 3652010   2  0.60700000E+003  0.60350000E+003  0.59400000E+003  0.58700000E+003  0.58100000E+003
 3652010   2  0.21600000E+003  0.21600000E+003  0.21600000E+003  0.21600000E+003  0.21600000E+003
 3652010   2  0.21600000E+003  0.21600000E+003  0.21600000E+003  0.21600000E+003  0.21600000E+003
 3652010   2  0.00000000E+000  0.00000000E+000  0.00000000E+000  0.00000000E+000  0.00000000E+000
 3652010   2  0.11302905E+003  0.69103741E+002  0.69251839E+002  0.69026574E+002  0.69102736E+002
 3652010   2  0.00000000E+000  0.00000000E+000  0.00000000E+000  0.00000000E+000  0.00000000E+000
 3652010   2  0.00000000E+000  0.00000000E+000  0.00000000E+000  0.00000000E+000  0.00000000E+000
 3652010   2     1     1     1     1     1
 3652010   2     0     0     0     0     0
 3652010   2     0     0     0     0     0
 3652010   2     0     0     0     0     0
 3652010   2     0     0     0     0     0
 3652010   2     0     0     0     0     0
 3652010   2     0     1     2     3     4
 3652010   2     2     2     1     1     1
 3652010   2     2     2     1     1     1
 3652010   2     1     1     1     1     1
 3652010   2   289   290   291   292   293
 3652010   2     0     0     0     0     0
 3652010   2     0     0     0     0     0
 3652010   2     0     0     0     0     0
 3652010   2     0     0     0     0     0
 3652010   2     0     0     0     0     0
 3652010   2     0     0     0     0     0
 3652010   2     0     0     0     0     0
 3652010   2     0     0     0     0     0
 3652010   2     0     0     0     0     0
 3652011   2   0   0   0   0   1
 3652011   2  0.00000000E+000  0.00000000E+000  0.00000000E+000  0.00000000E+000  0.00000000E+000  0.00000000E+000  0.00000000E+000  0.00000000E+000  0.00000000E+000  0.00000000E+000  0.00000000E+000  0.00000000E+000  0.00000000E+000  0.00000000E+000  0.00000000E+000
  0.00000000E+000  0.00000000E+000  0.00000000E+000  0.00000000E+000  0.00000000E+000  0.00000000E+000  0.00000000E+000  0.00000000E+000  0.00000000E+000
 3662012   1   0   0   1
 3662012   1  0.00000000E+000  0.00000000E+000  0.00000000E+000  0.00000000E+000  0.00000000E+000  0.00000000E+000  0.00000000E+000  0.00000000E+000  0.00000000E+000  0.00000000E+000  0.00000000E+000  0.00000000E+000
 3652013   2   1   0   1   1   0
 3652013   2  0.00000000E+000  0.00000000E+000  0.00000000E+000  0.00000000E+000  0.00000000E+000  0.00000000E+000  0.00000000E+000  0.00000000E+000  0.00000000E+000  0.00000000E+000  0.00000000E+000  0.00000000E+000  0.00000000E+000  0.00000000E+000  0.00000000E+000
  0.00000000E+000  0.00000000E+000  0.00000000E+000  0.00000000E+000  0.00000000E+000  0.00000000E+000  0.00000000E+000  0.00000000E+000  0.00000000E+000
 3652013   2    2013     285 1000000 1000000   2   0   0   5  10   1   0   3   2   2   2   2   2
 3652013   2 -0.15763318E+007  0.40734073E+000  0.16738403E-008  0.30433331E-002  0.13612223E-005  0.30433381E-003  0.00000000E+000 -0.28364062E+000 -0.47733265E-003  0.24423081E+001 -0.10635349E+002  0.26251465E+003 -0.10635349E+002  0.26251465E+003  0.20252053E-003
  0.00000000E+000  0.19997038E-005 -0.16359211E+001 -0.24270200E+001  0.79109885E+000  0.10325042E-003  0.57421477E-001  0.00000000E+000  0.35000000E+003  0.00000000E+000  0.00000000E+000  0.00000000E+000  0.00000000E+000  0.18626452E-008 -0.11641532E-009
 -0.27473347E+000 -0.96661884E+006  0.10480192E+008  0.91398473E+006  0.30861660E-003  0.30286803E-002  0.35000000E+003  0.35000000E+003  0.00000000E+000  0.00000000E+000  0.00000000E+000  0.33672809E-001  0.15131039E-006  0.95000000E+000  0.00000000E+000
  0.00000000E+000  0.00000000E+000  0.00000000E+000  0.00000000E+000  0.00000000E+000
 3652013   2  0.45000000E+001  0.35000000E+001  0.25000000E+001  0.15000000E+001  0.50000000E+000
 3652013   2  0.56063006E+001  0.54355747E+001  0.52886545E+001  0.45057762E+001  0.35009829E+001
 3652013   2  0.30000000E+001  0.30000000E+001  0.30000000E+001  0.30000000E+001  0.30000000E+001
 3652013   2  0.00000000E+000  0.00000000E+000  0.00000000E+000  0.00000000E+000  0.00000000E+000
 3652013   2  0.15637803E+001  0.14613448E+001  0.13731927E+001  0.90346574E+000  0.30058974E+000
 3652013   2  0.00000000E+000  0.00000000E+000  0.00000000E+000  0.00000000E+000  0.00000000E+000
 3652013   2  0.00000000E+000  0.00000000E+000  0.00000000E+000  0.00000000E+000  0.00000000E+000
 3652013   2  0.00000000E+000  0.00000000E+000  0.00000000E+000  0.00000000E+000  0.00000000E+000
 3652013   2  0.00000000E+000  0.00000000E+000  0.00000000E+000  0.00000000E+000  0.00000000E+000
 3652013   2  0.00000000E+000  0.00000000E+000  0.00000000E+000  0.00000000E+000  0.00000000E+000
 3652013   2  0.72500000E+003  0.71800000E+003  0.70600000E+003  0.69700000E+003  0.68500000E+003
 3652013   2  0.21200000E+003  0.21200000E+003  0.21200000E+003  0.21200000E+003  0.21200000E+003
 3652013   2  0.21600000E+003  0.21600000E+003  0.21600000E+003  0.21600000E+003  0.21600000E+003
 3652013   2  0.00000000E+000  0.00000000E+000  0.00000000E+000  0.00000000E+000  0.00000000E+000
 3652013   2  0.16006465E+003  0.68977062E+002  0.69241718E+002  0.69220912E+002  0.69125913E+002
 3652013   2  0.00000000E+000  0.00000000E+000  0.00000000E+000  0.00000000E+000  0.00000000E+000
 3652013   2  0.00000000E+000  0.00000000E+000  0.00000000E+000  0.00000000E+000  0.00000000E+000
 3652013   2     1     1     1     1     1
 3652013   2     0     0     0     0     0
 3652013   2     0     0     0     0     0
 3652013   2     0     0     0     0     0
 3652013   2     0     0     0     0     0
 3652013   2     0     0     0     0     0
 3652013   2     0     1     2     3     4
 3652013   2     2     2     2     1     1
 3652013   2     2     2     2     1     1
 3652013   2     1     1     1     1     1
 3652013   2   285   286   287   288   289
 3652013   2     0     0     0     0     0
 3652013   2     0     0     0     0     0
 3652013   2     0     0     0     0     0
 3652013   2     0     0     0     0     0
 3652013   2     0     0     0     0     0
 3652013   2     0     0     0     0     0
 3652013   2     0     0     0     0     0
 3652013   2     0     0     0     0     0
 3652013   2     0     0     0     0     0
 3652014   2   0   0   0   0   1
 3652014   2  0.00000000E+000  0.00000000E+000  0.00000000E+000  0.00000000E+000  0.00000000E+000  0.00000000E+000  0.00000000E+000  0.00000000E+000  0.00000000E+000  0.00000000E+000  0.00000000E+000  0.00000000E+000  0.00000000E+000  0.00000000E+000  0.00000000E+000
  0.00000000E+000  0.00000000E+000  0.00000000E+000  0.00000000E+000  0.00000000E+000  0.00000000E+000  0.00000000E+000  0.00000000E+000  0.00000000E+000
 3652015   1   0   0   1
 3652015   1  0.00000000E+000  0.00000000E+000  0.00000000E+000  0.00000000E+000  0.00000000E+000  0.00000000E+000  0.00000000E+000  0.00000000E+000  0.00000000E+000  0.00000000E+000  0.00000000E+000  0.00000000E+000
 3662016   1   0   0   1
 3662016   1  0.00000000E+000  0.00000000E+000  0.00000000E+000  0.00000000E+000  0.00000000E+000  0.00000000E+000  0.00000000E+000  0.00000000E+000  0.00000000E+000  0.00000000E+000  0.00000000E+000  0.00000000E+000
 3652017   1   0   0   1
 3652017   1  0.00000000E+000  0.00000000E+000  0.00000000E+000  0.00000000E+000  0.00000000E+000  0.00000000E+000  0.00000000E+000  0.00000000E+000  0.00000000E+000  0.00000000E+000  0.00000000E+000  0.00000000E+000
 3652018   1   0   0   1
 3652018   1  0.00000000E+000  0.00000000E+000  0.00000000E+000  0.00000000E+000  0.00000000E+000  0.00000000E+000  0.00000000E+000  0.00000000E+000  0.00000000E+000  0.00000000E+000  0.00000000E+000  0.00000000E+000
 3652019   1   0   0   1
 3652019   1  0.00000000E+000  0.00000000E+000  0.00000000E+000  0.00000000E+000  0.00000000E+000  0.00000000E+000  0.00000000E+000  0.00000000E+000  0.00000000E+000  0.00000000E+000  0.00000000E+000  0.00000000E+000
 3662020   2   1   0   1   1   0
 3662020   2  0.00000000E+000  0.00000000E+000  0.00000000E+000  0.00000000E+000  0.00000000E+000  0.00000000E+000  0.00000000E+000  0.00000000E+000  0.00000000E+000  0.00000000E+000  0.00000000E+000  0.00000000E+000  0.00000000E+000  0.00000000E+000  0.00000000E+000
  0.00000000E+000  0.00000000E+000  0.00000000E+000  0.00000000E+000  0.00000000E+000  0.00000000E+000  0.00000000E+000  0.00000000E+000  0.00000000E+000
 3662020   2    2020     289 1000000 1000000   2   0   0   5  10   1   0   3   2   2   2   2   2
 3662020   2 -0.14982700E+007  0.67962415E-002  0.15285572E-008  0.92142913E-004  0.11391506E-004  0.92142672E-005  0.00000000E+000 -0.32693499E+000 -0.56623335E-003  0.33072884E+001 -0.76864665E+001  0.26546353E+003 -0.76864665E+001  0.26546353E+003  0.75263717E-003
  0.00000000E+000  0.20931016E-005 -0.19376169E+001 -0.25820040E+001  0.64438715E+000  0.80798137E-004  0.69751070E-001  0.00000000E+000  0.35000000E+003  0.00000000E+000  0.00000000E+000  0.00000000E+000  0.22204460E-015  0.18626451E-008 -0.11641532E-009
 -0.32249504E+000 -0.29708846E+007  0.10480192E+008  0.91398473E+006  0.35560125E-003  0.14878834E-003  0.35000000E+003  0.35000000E+003  0.00000000E+000  0.00000000E+000  0.00000000E+000  0.35877512E-001  0.97952495E-007  0.95000000E+000  0.00000000E+000
  0.00000000E+000  0.00000000E+000  0.00000000E+000  0.00000000E+000  0.00000000E+000
 3662020   2  0.45000000E+001  0.35000000E+001  0.25000000E+001  0.15000000E+001  0.50000000E+000
 3662020   2  0.56329197E+001  0.55408396E+001  0.54535066E+001  0.45004674E+001  0.35015514E+001
 3662020   2  0.30000000E+001  0.30000000E+001  0.30000000E+001  0.30000000E+001  0.30000000E+001
 3662020   2  0.00000000E+000  0.00000000E+000  0.00000000E+000  0.00000000E+000  0.00000000E+000
 3662020   2  0.15797518E+001  0.15245038E+001  0.14721039E+001  0.90028046E+000  0.30093082E+000
 3662020   2  0.00000000E+000  0.00000000E+000  0.00000000E+000  0.00000000E+000  0.00000000E+000
 3662020   2  0.00000000E+000  0.00000000E+000  0.00000000E+000  0.00000000E+000  0.00000000E+000
 3662020   2  0.00000000E+000  0.00000000E+000  0.00000000E+000  0.00000000E+000  0.00000000E+000
 3662020   2  0.00000000E+000  0.00000000E+000  0.00000000E+000  0.00000000E+000  0.00000000E+000
 3662020   2  0.00000000E+000  0.00000000E+000  0.00000000E+000  0.00000000E+000  0.00000000E+000
 3662020   2  0.87500000E+003  0.86800000E+003  0.86100000E+003  0.85550000E+003  0.84350000E+003
 3662020   2  0.23700000E+003  0.23700000E+003  0.23700000E+003  0.23700000E+003  0.23700000E+003
 3662020   2  0.24000000E+003  0.24000000E+003  0.24000000E+003  0.24000000E+003  0.24000000E+003
 3662020   2  0.00000000E+000  0.00000000E+000  0.00000000E+000  0.00000000E+000  0.00000000E+000
 3662020   2  0.15794826E+003  0.69125232E+002  0.68970752E+002  0.68965140E+002  0.68981967E+002
 3662020   2  0.00000000E+000  0.00000000E+000  0.00000000E+000  0.00000000E+000  0.00000000E+000
 3662020   2  0.00000000E+000  0.00000000E+000  0.00000000E+000  0.00000000E+000  0.00000000E+000
 3662020   2     1     1     1     1     1
 3662020   2     0     0     0     0     0
 3662020   2     0     0     0     0     0
 3662020   2     0     0     0     0     0
 3662020   2     0     0     0     0     0
 3662020   2     0     0     0     0     0
 3662020   2     0     1     2     3     4
 3662020   2     2     2     2     1     1
 3662020   2     2     2     2     1     1
 3662020   2     1     1     1     1     1
 3662020   2   289   290   291   292   293
 3662020   2     0     0     0     0     0
 3662020   2     0     0     0     0     0
 3662020   2     0     0     0     0     0
 3662020   2     0     0     0     0     0
 3662020   2     0     0     0     0     0
 3662020   2     0     0     0     0     0
 3662020   2     0     0     0     0     0
 3662020   2     0     0     0     0     0
 3662020   2     0     0     0     0     0
 3652021   2   0   0   0   0   1
 3652021   2  0.00000000E+000  0.00000000E+000  0.00000000E+000  0.00000000E+000  0.00000000E+000  0.00000000E+000  0.00000000E+000  0.00000000E+000  0.00000000E+000  0.00000000E+000  0.00000000E+000  0.00000000E+000  0.00000000E+000  0.00000000E+000  0.00000000E+000
  0.00000000E+000  0.00000000E+000  0.00000000E+000  0.00000000E+000  0.00000000E+000  0.00000000E+000  0.00000000E+000  0.00000000E+000  0.00000000E+000
 3652022   1   0   0   1
 3652022   1  0.00000000E+000  0.00000000E+000  0.00000000E+000  0.00000000E+000  0.00000000E+000  0.00000000E+000  0.00000000E+000  0.00000000E+000  0.00000000E+000  0.00000000E+000  0.00000000E+000  0.00000000E+000
