    ORGN   365    24  1995     1     1  0.498037E+02  0.420608E+02  0.108869E+03  0.264635E+03  0.267999E+03  0.821183E+03  0.830972E+02  0.572084E+03  0.323916E+03  0.883624E+02  0.221109E+02
    ORGN   365    24  1996     1     1  0.354406E+02  0.422002E+02  0.108788E+03  0.261093E+03  0.265348E+03  0.817036E+03  0.826339E+02  0.570801E+03  0.323877E+03  0.883547E+02  0.221056E+02
    ORGN   365    24  1997     1     1  0.289385E+02  0.505040E+02  0.111099E+03  0.259518E+03  0.263705E+03  0.813463E+03  0.823705E+02  0.569503E+03  0.323668E+03  0.883553E+02  0.221042E+02
    ORGN   365    24  1998     1     1  0.188662E+02  0.568559E+02  0.112781E+03  0.258025E+03  0.261821E+03  0.809589E+03  0.820295E+02  0.567817E+03  0.322925E+03  0.883547E+02  0.221044E+02
    ORGN   365    24  1999     1     1  0.546601E+02  0.621974E+02  0.113503E+03  0.256594E+03  0.260534E+03  0.806605E+03  0.821085E+02  0.566361E+03  0.322502E+03  0.883473E+02  0.221055E+02
    ORGN   365    24  2000     1     1  0.330276E+02  0.703397E+02  0.114423E+03  0.254501E+03  0.258817E+03  0.802880E+03  0.816858E+02  0.565027E+03  0.322125E+03  0.883339E+02  0.221051E+02
    ORGN   365    24  2001     1     1  0.377789E+02  0.839783E+02  0.118254E+03  0.253662E+03  0.257582E+03  0.800115E+03  0.818501E+02  0.563704E+03  0.321589E+03  0.883208E+02  0.221051E+02
    ORGN   365    24  2002     1     1  0.404493E+02  0.796771E+02  0.116899E+03  0.251868E+03  0.255828E+03  0.796749E+03  0.814625E+02  0.562370E+03  0.321131E+03  0.883034E+02  0.221051E+02
    ORGN   365    24  2003     1     1  0.622548E+02  0.933697E+02  0.119052E+03  0.250565E+03  0.254594E+03  0.794253E+03  0.816932E+02  0.561090E+03  0.320779E+03  0.882877E+02  0.221055E+02
    ORGN   365    24  2004     1     1  0.485622E+02  0.930226E+02  0.119930E+03  0.249793E+03  0.253601E+03  0.791466E+03  0.813896E+02  0.560071E+03  0.320441E+03  0.882672E+02  0.221055E+02
    ORGN   365    24  2005     1     1  0.376788E+02  0.994374E+02  0.120767E+03  0.248369E+03  0.252046E+03  0.787976E+03  0.809694E+02  0.558587E+03  0.319817E+03  0.882435E+02  0.221055E+02
    ORGN   365    24  2006     1     1  0.589669E+02  0.112443E+03  0.124115E+03  0.247954E+03  0.251332E+03  0.785567E+03  0.812540E+02  0.557201E+03  0.319183E+03  0.882154E+02  0.221052E+02
    ORGN   365    24  2007     1     1  0.353459E+02  0.115058E+03  0.125659E+03  0.246573E+03  0.249651E+03  0.782629E+03  0.809373E+02  0.556035E+03  0.318920E+03  0.881911E+02  0.221054E+02
    ORGN   365    24  2008     1     1  0.157942E+02  0.991014E+02  0.152513E+03  0.247729E+03  0.248480E+03  0.779420E+03  0.805182E+02  0.554701E+03  0.318440E+03  0.881673E+02  0.221072E+02
    ORGN   365    24  2009     1     1  0.985410E+01  0.867309E+02  0.166091E+03  0.248477E+03  0.247694E+03  0.776660E+03  0.802873E+02  0.553320E+03  0.317877E+03  0.881430E+02  0.221095E+02
    ORGN   365    24  2010     1     1  0.328879E+02  0.928137E+02  0.160142E+03  0.245503E+03  0.245667E+03  0.773213E+03  0.799013E+02  0.551732E+03  0.317123E+03  0.881118E+02  0.221128E+02
    ORGN   365    24  2011     1     1  0.317679E+02  0.922354E+02  0.157557E+03  0.242729E+03  0.244175E+03  0.769931E+03  0.797111E+02  0.550306E+03  0.316524E+03  0.880749E+02  0.221139E+02
    ORGN   365    24  2012     1     1  0.356591E+02  0.101626E+03  0.159107E+03  0.241646E+03  0.243622E+03  0.767285E+03  0.798250E+02  0.549717E+03  0.317059E+03  0.880277E+02  0.221135E+02
    ORGN   365    24  2013     1     1  0.224878E+02  0.892791E+02  0.181440E+03  0.241520E+03  0.242022E+03  0.764827E+03  0.793090E+02  0.548657E+03  0.316346E+03  0.879938E+02  0.221131E+02
    ORGN   365    24  2014     1     1  0.283482E+02  0.858966E+02  0.196212E+03  0.243953E+03  0.241402E+03  0.763534E+03  0.793727E+02  0.547951E+03  0.316079E+03  0.879670E+02  0.221128E+02
    ORGN   365    24  2015     1     1  0.257639E+02  0.888020E+02  0.187044E+03  0.242388E+03  0.240189E+03  0.760274E+03  0.789159E+02  0.546670E+03  0.315775E+03  0.879405E+02  0.221125E+02
    ORGN   365    24  2016     1     1  0.368666E+02  0.969934E+02  0.183790E+03  0.239791E+03  0.238544E+03  0.757015E+03  0.790109E+02  0.544831E+03  0.314863E+03  0.879067E+02  0.221123E+02
    ORGN   365    24  2017     1     1  0.277313E+02  0.863787E+02  0.201644E+03  0.238728E+03  0.237305E+03  0.754020E+03  0.788947E+02  0.543665E+03  0.314498E+03  0.878676E+02  0.221131E+02
    ORGN   365    24  2018     1     1  0.468815E+02  0.942398E+02  0.194022E+03  0.238311E+03  0.235880E+03  0.750988E+03  0.785444E+02  0.542663E+03  0.314216E+03  0.878336E+02  0.221129E+02
    ORGN   365    24  2019     1     1  0.312838E+02  0.929902E+02  0.191887E+03  0.237256E+03  0.234825E+03  0.748160E+03  0.782206E+02  0.541264E+03  0.313520E+03  0.878039E+02  0.221150E+02
    ORGN   365    24  2020     1     1  0.254375E+02  0.998593E+02  0.190358E+03  0.236101E+03  0.233839E+03  0.745478E+03  0.780100E+02  0.539928E+03  0.312987E+03  0.877676E+02  0.221152E+02
    ORGN   365    24  2021     1     1  0.507528E+02  0.108652E+03  0.188307E+03  0.234246E+03  0.232295E+03  0.742565E+03  0.778932E+02  0.538481E+03  0.312222E+03  0.877263E+02  0.221147E+02
    ORGN   365    24  2022     1     1  0.294941E+02  0.968369E+02  0.211553E+03  0.235602E+03  0.231574E+03  0.740178E+03  0.777964E+02  0.537569E+03  0.312039E+03  0.876869E+02  0.221142E+02
