    ORGC   365    24  1995     1     1  0.317500E+03  0.531101E+03  0.154390E+04  0.372665E+04  0.375378E+04  0.114386E+05  0.857287E+03  0.578943E+04  0.286781E+04  0.707107E+03  0.176906E+03
    ORGC   365    24  1996     1     1  0.703945E+03  0.593942E+03  0.154730E+04  0.369434E+04  0.372972E+04  0.113887E+05  0.852400E+03  0.577847E+04  0.287172E+04  0.707206E+03  0.176884E+03
    ORGC   365    24  1997     1     1  0.700866E+03  0.767487E+03  0.159903E+04  0.367777E+04  0.370964E+04  0.113411E+05  0.850008E+03  0.576656E+04  0.287289E+04  0.707375E+03  0.176881E+03
    ORGC   365    24  1998     1     1  0.586578E+03  0.873173E+03  0.163220E+04  0.365907E+04  0.368297E+04  0.112874E+05  0.845452E+03  0.574769E+04  0.286419E+04  0.707527E+03  0.176886E+03
    ORGC   365    24  1999     1     1  0.615859E+03  0.905728E+03  0.163945E+04  0.363452E+04  0.366060E+04  0.112476E+05  0.846212E+03  0.573310E+04  0.285789E+04  0.707584E+03  0.176896E+03
    ORGC   365    24  2000     1     1  0.782891E+03  0.105461E+04  0.165966E+04  0.361719E+04  0.364479E+04  0.111988E+05  0.842621E+03  0.572395E+04  0.286440E+04  0.707585E+03  0.176894E+03
    ORGC   365    24  2001     1     1  0.358211E+03  0.116165E+04  0.169589E+04  0.359706E+04  0.362027E+04  0.111597E+05  0.844180E+03  0.570917E+04  0.285579E+04  0.707609E+03  0.176895E+03
    ORGC   365    24  2002     1     1  0.911763E+03  0.114576E+04  0.168722E+04  0.358267E+04  0.360580E+04  0.111182E+05  0.842604E+03  0.569972E+04  0.285881E+04  0.707579E+03  0.176896E+03
    ORGC   365    24  2003     1     1  0.528190E+03  0.128678E+04  0.171121E+04  0.355961E+04  0.358143E+04  0.110827E+05  0.844443E+03  0.568514E+04  0.284841E+04  0.707571E+03  0.176899E+03
    ORGC   365    24  2004     1     1  0.966019E+03  0.133178E+04  0.173404E+04  0.356424E+04  0.358282E+04  0.110539E+05  0.846803E+03  0.568176E+04  0.285932E+04  0.707503E+03  0.176900E+03
    ORGC   365    24  2005     1     1  0.857529E+03  0.145119E+04  0.175448E+04  0.353989E+04  0.355560E+04  0.110013E+05  0.840086E+03  0.566639E+04  0.285494E+04  0.707451E+03  0.176900E+03
    ORGC   365    24  2006     1     1  0.509033E+03  0.154878E+04  0.178899E+04  0.352331E+04  0.353596E+04  0.109650E+05  0.842777E+03  0.565028E+04  0.284601E+04  0.707336E+03  0.176898E+03
    ORGC   365    24  2007     1     1  0.720661E+03  0.165202E+04  0.181176E+04  0.351093E+04  0.351877E+04  0.109280E+05  0.842473E+03  0.564421E+04  0.285197E+04  0.707264E+03  0.176900E+03
    ORGC   365    24  2008     1     1  0.462343E+03  0.147760E+04  0.229917E+04  0.354931E+04  0.350624E+04  0.108844E+05  0.836841E+03  0.563003E+04  0.284734E+04  0.707223E+03  0.176915E+03
    ORGC   365    24  2009     1     1  0.397631E+03  0.133086E+04  0.252931E+04  0.357554E+04  0.350000E+04  0.108524E+05  0.836740E+03  0.561989E+04  0.284679E+04  0.707166E+03  0.176933E+03
    ORGC   365    24  2010     1     1  0.325488E+03  0.132882E+04  0.231940E+04  0.350597E+04  0.345948E+04  0.107979E+05  0.829356E+03  0.560198E+04  0.283113E+04  0.707027E+03  0.176960E+03
    ORGC   365    24  2011     1     1  0.761937E+03  0.136562E+04  0.228770E+04  0.348187E+04  0.345150E+04  0.107621E+05  0.832130E+03  0.559270E+04  0.283627E+04  0.706789E+03  0.176970E+03
    ORGC   365    24  2012     1     1  0.614791E+03  0.149826E+04  0.231371E+04  0.345977E+04  0.343688E+04  0.107222E+05  0.831942E+03  0.558627E+04  0.284286E+04  0.706454E+03  0.176967E+03
    ORGC   365    24  2013     1     1  0.556198E+03  0.136540E+04  0.277042E+04  0.349289E+04  0.343381E+04  0.107027E+05  0.828415E+03  0.558404E+04  0.284825E+04  0.706267E+03  0.176965E+03
    ORGC   365    24  2014     1     1  0.295027E+03  0.122235E+04  0.280682E+04  0.349189E+04  0.340444E+04  0.106725E+05  0.826920E+03  0.557147E+04  0.283971E+04  0.706182E+03  0.176963E+03
    ORGC   365    24  2015     1     1  0.608449E+03  0.132619E+04  0.269964E+04  0.347138E+04  0.339186E+04  0.106256E+05  0.821959E+03  0.556038E+04  0.284209E+04  0.706100E+03  0.176961E+03
    ORGC   365    24  2016     1     1  0.390585E+03  0.136940E+04  0.264512E+04  0.343114E+04  0.336370E+04  0.105796E+05  0.824847E+03  0.553823E+04  0.282412E+04  0.705935E+03  0.176960E+03
    ORGC   365    24  2017     1     1  0.521979E+03  0.126036E+04  0.295725E+04  0.343467E+04  0.336024E+04  0.105506E+05  0.830391E+03  0.553682E+04  0.283484E+04  0.705686E+03  0.176968E+03
    ORGC   365    24  2018     1     1  0.451148E+03  0.131815E+04  0.277847E+04  0.340797E+04  0.332660E+04  0.104979E+05  0.820516E+03  0.552148E+04  0.282586E+04  0.705522E+03  0.176967E+03
    ORGC   365    24  2019     1     1  0.890568E+03  0.133112E+04  0.275381E+04  0.340595E+04  0.332326E+04  0.104643E+05  0.819601E+03  0.550977E+04  0.282435E+04  0.705378E+03  0.176985E+03
    ORGC   365    24  2020     1     1  0.688729E+03  0.149020E+04  0.275017E+04  0.339295E+04  0.330636E+04  0.104275E+05  0.817817E+03  0.549847E+04  0.282429E+04  0.705176E+03  0.176987E+03
    ORGC   365    24  2021     1     1  0.453422E+03  0.152928E+04  0.271236E+04  0.336335E+04  0.328106E+04  0.103874E+05  0.816944E+03  0.548363E+04  0.281345E+04  0.704924E+03  0.176984E+03
    ORGC   365    24  2022     1     1  0.553013E+03  0.140531E+04  0.308094E+04  0.340034E+04  0.328277E+04  0.103673E+05  0.821038E+03  0.548307E+04  0.282481E+04  0.704672E+03  0.176982E+03
