4 2 0 0 0 0 2 0 0 2 2.5
90.0 15.0 180.0 30.0 810. 3.0 0.025 0.050 405.0 0.051622132040021085 0.050 0.50
0.20 0.075 0.20 0.075
0.025 0.015 0.0 -1.0 -1.0 12.5 0.10
20.98934086306775 5.0 -1.0 0.25
0.0120 0.125 0.25
0.00 0.00 0.50 0.50 0.95 90.0 90.0
1.1115832203171452 9.549168483978589 0.20 0.20 0.40E-03 0.0
5.0E-04 1.0E-04 0.3 0.10 1.0E+04 4.0E+08 5.0E-02 250.0 250.0
2.5E-02 0.40 0.0125
2.5E-02 0.35 0.030
5.0E-03 0.075 0.002
-1.5 -5.0 2.5E+03
7.2E-01 7.6E-01 8.0E-01 8.8E-01 7.6E-01 7.6E-01 8.8E-01 7.6E-01 7.2E-01
10.0E-02 2.5E-02 1.0E-02 3.0E-02 2.0E-02 2.0E-02 4.0E-02 2.5E-02 10.0E-02
10.0E-03 2.5E-03 1.0E-03 3.0E-03 2.0E-03 2.0E-03 4.0E-03 2.5E-03 10.0E-03
