-0.033,-1.5,0.2,5.33,400,10,1,0,0,0,0,0,0,1,1,1,8,0,2,0
0.01,0.05,0.15,0.25,0.55,0.65,1.35,2.0
1.320000052452087,1.320000052452087,1.320000052452087,1.320000052452087,1.320000052452087,1.419999957084655,1.419999957084655,1.5
0.3390000152587891,0.3390000152587891,0.3390000152587891,0.3390000152587891,0.3390000152587891,0.3290000152587891,0.3290000152587891,0.30200000762939455
0.21600000381469728,0.21600000381469728,0.21600000381469728,0.21600000381469728,0.21600000381469728,0.2,0.2,0.15699999809265136
10.799999999999999,10.799999999999999,10.799999999999999,10.799999999999999,10.799999999999999,10.799999999999999,10.799999999999999,32.4
10.799999999999999,10.799999999999999,10.799999999999999,10.799999999999999,10.799999999999999,10.799999999999999,10.799999999999999,32.4
30.0,30.0,30.0,30.0,30.0,50.0,50.0,50.0
670.0,670.0,670.0,670.0,670.0,620.0,620.0,700.0
0.01,0.01,0.01,0.01,0.0,0.0,0.0,0.0
0,0,0,0,0,0,0,0
5.599999904632568,5.599999904632568,5.599999904632568,5.599999904632568,5.599999904632568,6.0,6.0,6.800000190734863
25.5,25.5,25.5,25.5,25.5,26.100000381469727,26.100000381469727,19.700000762939453
2.5,2.5,2.5,2.5,2.5,2.5,2.5,2.5
28.999999999999996,28.999999999999996,28.999999999999996,28.999999999999996,28.999999999999996,5.8,5.8,2.9
0,0,0,0,0,0,0,0
-1,-1,-1,-1,-1,-1,-1,-1
-1,-1,-1,-1,-1,-1,-1,-1
3,3,3,3,3,3,3,3
12,12,12,12,12,12,12,12
10,10,10,10,10,10,10,10
-1,-1,-1,-1,-1,-1,-1,-1
-1,-1,-1,-1,-1,-1,-1,-1
40,40,40,40,40,40,40,40
120,120,120,120,120,120,120,120
23,23,23,23,23,23,23,23
39,39,39,39,39,39,39,39
48,48,48,48,48,48,48,48
35,35,35,35,35,35,35,35
50,50,50,50,50,50,50,50
50,50,50,50,50,50,50,50
50,50,50,50,50,50,50,50
50,50,50,50,50,50,50,50
1000,1000,1000,1000,1000,1000,1000,1000
2000,2000,2000,2000,2000,2000,2000,2000
0,0,0,0,0,0,0,0
0,0,0,0,0,0,0,0
0.025,0.025,0.025,0.025,0.025,0.025,0.025,0.025
0.25,0.25,0.25,0.25,0.25,0.25,0.25,0.25
0.25,0.25,0.25,0.25,0.25,0.25,0.25,0.25
0.6,0.6,0.6,0.6,0.6,0.6,0.6,0.6
0.16,0.16,0.16,0.16,0.16,0.16,0.16,0.16
3,3,3,3,3,3,3,3
1,1,1,1,1,1,1,1
0,0,0,0,0,0,0,0
45,45,45,45,45,45,45,45
1.5,1.5,1.5,1.5,1.5,1.5,1.5,1.5
0.15,0.15,0.15,0.15,0.15,0.15,0.15,0.15
0,0,0,0,0,0,0,0
0,0,0,0,0,0,0,0
0,0,0,0,0,0,0,0
0,0,0,0,0,0,0,0
0,0,0,0,0,0,0,0
0,0,0,0,0,0,0,0
