3  1  1  0  1  1  2  0  0  2  1
45.0 9.5 0.0 12.5 500.0 0.0 0.167 0.0 405.0 0.033 0.0 0.70
0.15  0.075  0.15  0.075
0.015  0.009  -10.0  240.0  720.0  5.0  0.33
9.0  2.5  -1.0  0.5
0.00333  0.125  0.15
0.25  0.25  0.25  0.25  1.00  90.0  0.0
6.0  6.0  0.001  0.001  0.20E-04  0.0
1.0E-04  1.0E-04  0.10  0.10  1.0E+04  4.0E+09  5.0E-02  250.0  250.0
5.0E-03  0.40  0.0125
5.0E-03  0.35  0.030
1.0E-03  0.075  0.002
-1.25  -5.0  5.0E+03
7.2E-01 7.6E-01 8.0E-01 6.7E-01 7.6E-01 7.6E-01 6.7E-01 7.6E-01 6.7E-01
10.0E-02 2.5E-02 2.0E-02 12.5E-02 2.5E-02 2.5E-02 15.0E-02 2.5E-02 12.5E-02
10.0E-03 2.5E-03 2.0E-03 12.5E-03 2.5E-03 2.5E-03 15.0E-03 2.5E-03 12.5E-03
