 3652005   2  0.18571352E+001  0.00000000E+000  0.28491380E-003 -0.46345115E+001  0.84797186E+001  0.58650196E+001  0.67733036E+001  0.10267038E+001  0.13152388E+000  0.41957002E+001  0.16693382E+001  0.44344093E+000  0.24389251E+000  0.35105740E-001  0.35105740E-001
  0.00000000E+000  0.00000000E+000  0.32702075E+001  0.17857012E+000  0.17857012E-001  0.20070249E-001  0.20000000E-001  0.00000000E+000  0.17000000E+002  0.48408014E+001  0.86402724E-001
 3652005   2  0.18571352E+001
 3652005   2  0.66353624E+000
 3652005   2  0.95207115E-001
 3652005   2  0.00000000E+000
 3652005   2  0.00000000E+000
 3652005   2  0.00000000E+000
 3652005   2  0.84797186E+001
 3652005   2  0.41957002E+001
 3652005   2  0.00000000E+000
 3652005   2  0.16693382E+001
 3652005   2  0.44344093E+000
 3652005   2  0.44344093E+000
 3652005   2  0.24389251E+000
 3652005   2  0.35105740E-001
 3652005   2  0.35105740E-001
 3652005   2  0.00000000E+000
 3652005   2  0.58650196E+001
 3652005   2  0.10267038E+001
 3652005   2  0.31036661E+000
 3652005   2  0.00000000E+000
 3652005   2  0.41733455E-001
 3652005   2  0.44344093E-002
 3652005   2  0.48778502E-002
 3652005   2  0.87764350E-003
 3652005   2  0.87764350E-003
 3652005   2  0.00000000E+000
 3652005   2  0.13152388E+000
 3652005   2  0.31036661E-001
 3652005   2  0.00000000E+000
 3652005   2  0.41733455E-002
 3652005   2  0.44344093E-003
 3652005   2  0.48778502E-003
 3652005   2  0.87764350E-004
 3652005   2  0.87764350E-004
 3652005   2  0.00000000E+000
 3652005   2  0.00000000E+000
 3652005   2  0.00000000E+000
 3652005   2  0.00000000E+000
 3652005   2  0.26265791E+000
 3652005   2  0.00000000E+000
 3652005   2  0.00000000E+000
 3652005   2  0.00000000E+000
 3652005   2  0.00000000E+000
 3652005   2  0.00000000E+000
 3652005   2  0.00000000E+000
 3652005   2  0.00000000E+000
 3652005   2  0.00000000E+000
 3652005   2  0.00000000E+000
 3652005   2  0.00000000E+000
 3652005   2  0.00000000E+000
 3652005   2  0.00000000E+000
 3652005   2  0.00000000E+000
 3652005   2  0.00000000E+000
 3652005   2  0.00000000E+000
 3652005   2  0.00000000E+000
 3652005   2  0.00000000E+000
 3652005   2  0.12397060E-001  0.27742592E-001  0.27921733E-001  0.27786204E-001  0.27785460E-001  0.27754052E-001  0.27940910E-001  0.27825838E-001  0.27864752E-001  0.27639310E-001
 3652005   2  0.13416878E-001  0.00000000E+000  0.00000000E+000  0.00000000E+000  0.00000000E+000  0.00000000E+000  0.00000000E+000  0.00000000E+000  0.00000000E+000  0.00000000E+000
 3662020   2  0.38074982E+001  0.00000000E+000  0.22725381E-003 -0.49069981E+001  0.10437313E+002  0.59193380E+001  0.49355006E+001  0.80215532E+000  0.98554690E-001  0.42340237E+001  0.16853151E+001  0.41588823E+000  0.22873853E+000  0.32924485E-001  0.32924485E-001
  0.00000000E+000  0.00000000E+000  0.38171159E+001  0.20873373E+000  0.20873373E-001  0.20586877E-001  0.20000000E-001  0.00000000E+000  0.24000000E+002  0.22733748E+001  0.14407173E+000
 3662020   2  0.38074982E+001
 3662020   2  0.46358055E+000
 3662020   2  0.64697213E-001
 3662020   2  0.00000000E+000
 3662020   2  0.00000000E+000
 3662020   2  0.00000000E+000
 3662020   2  0.10437313E+002
 3662020   2  0.42340237E+001
 3662020   2  0.00000000E+000
 3662020   2  0.16853151E+001
 3662020   2  0.41588823E+000
 3662020   2  0.41588823E+000
 3662020   2  0.22873853E+000
 3662020   2  0.32924485E-001
 3662020   2  0.32924485E-001
 3662020   2  0.00000000E+000
 3662020   2  0.59193380E+001
 3662020   2  0.80215532E+000
 3662020   2  0.28606202E+000
 3662020   2  0.00000000E+000
 3662020   2  0.42132877E-001
 3662020   2  0.41588823E-002
 3662020   2  0.45747706E-002
 3662020   2  0.82311213E-003
 3662020   2  0.82311213E-003
 3662020   2  0.00000000E+000
 3662020   2  0.98554690E-001
 3662020   2  0.28606202E-001
 3662020   2  0.00000000E+000
 3662020   2  0.42132877E-002
 3662020   2  0.41588823E-003
 3662020   2  0.45747706E-003
 3662020   2  0.82311213E-004
 3662020   2  0.82311213E-004
 3662020   2  0.00000000E+000
 3662020   2  0.00000000E+000
 3662020   2  0.00000000E+000
 3662020   2  0.00000000E+000
 3662020   2  0.25155839E+000
 3662020   2  0.00000000E+000
 3662020   2  0.00000000E+000
 3662020   2  0.00000000E+000
 3662020   2  0.00000000E+000
 3662020   2  0.00000000E+000
 3662020   2  0.00000000E+000
 3662020   2  0.00000000E+000
 3662020   2  0.00000000E+000
 3662020   2  0.00000000E+000
 3662020   2  0.00000000E+000
 3662020   2  0.00000000E+000
 3662020   2  0.00000000E+000
 3662020   2  0.00000000E+000
 3662020   2  0.00000000E+000
 3662020   2  0.00000000E+000
 3662020   2  0.00000000E+000
 3662020   2  0.00000000E+000
 3662020   2  0.12221906E-001  0.26613051E-001  0.26579790E-001  0.26607918E-001  0.26628287E-001  0.26592703E-001  0.26570693E-001  0.26613606E-001  0.26653263E-001  0.26477168E-001
 3662020   2  0.12604618E-001  0.00000000E+000  0.00000000E+000  0.00000000E+000  0.00000000E+000  0.00000000E+000  0.00000000E+000  0.00000000E+000  0.00000000E+000  0.00000000E+000
