    ORGN   365    24  1995     1     1  0.631143E+01  0.269320E+02  0.853711E+02  0.213221E+03  0.217193E+03  0.481105E+03  0.114501E+03  0.228217E+03  0.212501E+03  0.529475E+02  0.132594E+02
    ORGN   365    24  1996     1     1  0.447398E+01  0.274612E+02  0.833401E+02  0.209011E+03  0.214158E+03  0.477086E+03  0.113684E+03  0.227520E+03  0.211968E+03  0.529235E+02  0.132528E+02
    ORGN   365    24  1997     1     1  0.386431E+01  0.281487E+02  0.818643E+02  0.206076E+03  0.211975E+03  0.473971E+03  0.113090E+03  0.226980E+03  0.211488E+03  0.529102E+02  0.132508E+02
    ORGN   365    24  1998     1     1  0.345458E+01  0.285030E+02  0.803726E+02  0.203276E+03  0.209872E+03  0.470859E+03  0.112527E+03  0.226467E+03  0.211052E+03  0.528981E+02  0.132500E+02
    ORGN   365    24  1999     1     1  0.425219E+01  0.293095E+02  0.792204E+02  0.200992E+03  0.208143E+03  0.468181E+03  0.111865E+03  0.226056E+03  0.210741E+03  0.528873E+02  0.132501E+02
    ORGN   365    24  2000     1     1  0.352697E+01  0.303051E+02  0.781893E+02  0.198787E+03  0.206465E+03  0.465517E+03  0.111597E+03  0.225655E+03  0.210412E+03  0.528764E+02  0.132502E+02
    ORGN   365    24  2001     1     1  0.392534E+01  0.318237E+02  0.774720E+02  0.196914E+03  0.204999E+03  0.463216E+03  0.111195E+03  0.225318E+03  0.210132E+03  0.528669E+02  0.132508E+02
    ORGN   365    24  2002     1     1  0.337375E+01  0.320832E+02  0.766758E+02  0.195126E+03  0.203594E+03  0.461039E+03  0.110817E+03  0.225008E+03  0.209870E+03  0.528565E+02  0.132510E+02
    ORGN   365    24  2003     1     1  0.455721E+01  0.324132E+02  0.758921E+02  0.193589E+03  0.202373E+03  0.459067E+03  0.110476E+03  0.224746E+03  0.209668E+03  0.528466E+02  0.132511E+02
    ORGN   365    24  2004     1     1  0.404912E+01  0.340521E+02  0.753603E+02  0.192022E+03  0.201059E+03  0.457021E+03  0.110122E+03  0.224464E+03  0.209433E+03  0.528364E+02  0.132515E+02
    ORGN   365    24  2005     1     1  0.369354E+01  0.344459E+02  0.744884E+02  0.190215E+03  0.199624E+03  0.454723E+03  0.109724E+03  0.224148E+03  0.209153E+03  0.528253E+02  0.132519E+02
    ORGN   365    24  2006     1     1  0.448540E+01  0.362009E+02  0.741870E+02  0.188646E+03  0.198352E+03  0.452655E+03  0.109342E+03  0.223854E+03  0.208892E+03  0.528140E+02  0.132521E+02
    ORGN   365    24  2007     1     1  0.319251E+02  0.403483E+02  0.751665E+02  0.188375E+03  0.198070E+03  0.451171E+03  0.109428E+03  0.223946E+03  0.208579E+03  0.528045E+02  0.132529E+02
    ORGN   365    24  2008     1     1  0.726222E+01  0.374525E+02  0.830518E+02  0.186457E+03  0.196220E+03  0.448734E+03  0.108862E+03  0.223575E+03  0.208339E+03  0.527928E+02  0.132535E+02
    ORGN   365    24  2009     1     1  0.502974E+01  0.372392E+02  0.798723E+02  0.184813E+03  0.194789E+03  0.446656E+03  0.108427E+03  0.223263E+03  0.208143E+03  0.527819E+02  0.132540E+02
    ORGN   365    24  2010     1     1  0.578982E+01  0.374925E+02  0.782109E+02  0.182861E+03  0.193350E+03  0.444404E+03  0.107991E+03  0.222945E+03  0.207962E+03  0.527701E+02  0.132546E+02
    ORGN   365    24  2011     1     1  0.516545E+01  0.386167E+02  0.770527E+02  0.181003E+03  0.191932E+03  0.442191E+03  0.107581E+03  0.222606E+03  0.207690E+03  0.527581E+02  0.132549E+02
    ORGN   365    24  2012     1     1  0.295418E+02  0.424163E+02  0.761906E+02  0.179336E+03  0.190557E+03  0.440150E+03  0.107216E+03  0.222280E+03  0.173782E+03  0.527447E+02  0.132549E+02
    ORGN   365    24  2013     1     1  0.923558E+01  0.427335E+02  0.763231E+02  0.178056E+03  0.189406E+03  0.438408E+03  0.106917E+03  0.222021E+03  0.173605E+03  0.527334E+02  0.132550E+02
    ORGN   365    24  2014     1     1  0.640202E+01  0.422826E+02  0.759051E+02  0.176865E+03  0.188356E+03  0.436690E+03  0.106605E+03  0.221797E+03  0.173500E+03  0.527226E+02  0.132555E+02
    ORGN   365    24  2015     1     1  0.507788E+01  0.422098E+02  0.747815E+02  0.175342E+03  0.187108E+03  0.434664E+03  0.106265E+03  0.221525E+03  0.173329E+03  0.527113E+02  0.132557E+02
    ORGN   365    24  2016     1     1  0.378098E+01  0.423244E+02  0.734171E+02  0.173497E+03  0.185622E+03  0.432245E+03  0.105827E+03  0.221175E+03  0.173032E+03  0.526983E+02  0.132565E+02
    ORGN   365    24  2017     1     1  0.261242E+01  0.370684E+02  0.792353E+02  0.171978E+03  0.184360E+03  0.430115E+03  0.105450E+03  0.220887E+03  0.172815E+03  0.526857E+02  0.132570E+02
    ORGN   365    24  2018     1     1  0.315653E+01  0.335423E+02  0.833197E+02  0.170847E+03  0.183327E+03  0.428290E+03  0.105148E+03  0.220669E+03  0.172713E+03  0.526752E+02  0.132579E+02
    ORGN   365    24  2019     1     1  0.243704E+01  0.310169E+02  0.854973E+02  0.169524E+03  0.182145E+03  0.426395E+03  0.104814E+03  0.220410E+03  0.172520E+03  0.526648E+02  0.132586E+02
    ORGN   365    24  2020     1     1  0.366225E+01  0.318083E+02  0.835907E+02  0.168195E+03  0.181015E+03  0.424525E+03  0.104482E+03  0.220156E+03  0.172263E+03  0.526540E+02  0.132591E+02
    ORGN   365    24  2021     1     1  0.409715E+01  0.325115E+02  0.823078E+02  0.166732E+03  0.179804E+03  0.422456E+03  0.104097E+03  0.219872E+03  0.172049E+03  0.526411E+02  0.132591E+02
    ORGN   365    24  2022     1     1  0.266650E+02  0.361510E+02  0.827690E+02  0.166691E+03  0.179752E+03  0.421401E+03  0.104213E+03  0.219838E+03  0.171786E+03  0.526303E+02  0.132593E+02
