    ORGC   365    24  1995     1     1  0.147576E+03  0.370298E+03  0.113421E+04  0.280243E+04  0.283898E+04  0.585226E+04  0.126804E+04  0.185680E+04  0.172974E+04  0.424023E+03  0.106158E+03
    ORGC   365    24  1996     1     1  0.113950E+03  0.378480E+03  0.111241E+04  0.275746E+04  0.280579E+04  0.581038E+04  0.125809E+04  0.185078E+04  0.172486E+04  0.423978E+03  0.106131E+03
    ORGC   365    24  1997     1     1  0.116457E+03  0.385025E+03  0.109344E+04  0.272207E+04  0.277966E+04  0.577543E+04  0.125112E+04  0.184581E+04  0.172002E+04  0.423959E+03  0.106124E+03
    ORGC   365    24  1998     1     1  0.110685E+03  0.387868E+03  0.107374E+04  0.268646E+04  0.275306E+04  0.573916E+04  0.124450E+04  0.184092E+04  0.171595E+04  0.423925E+03  0.106121E+03
    ORGC   365    24  1999     1     1  0.118201E+03  0.404708E+03  0.105926E+04  0.265798E+04  0.273191E+04  0.570887E+04  0.123934E+04  0.183753E+04  0.171428E+04  0.423892E+03  0.106123E+03
    ORGC   365    24  2000     1     1  0.100070E+03  0.420148E+03  0.104572E+04  0.262961E+04  0.271063E+04  0.567737E+04  0.123427E+04  0.183390E+04  0.171133E+04  0.423852E+03  0.106125E+03
    ORGC   365    24  2001     1     1  0.882309E+02  0.441215E+03  0.103766E+04  0.260625E+04  0.269250E+04  0.565145E+04  0.122983E+04  0.183129E+04  0.170947E+04  0.423821E+03  0.106131E+03
    ORGC   365    24  2002     1     1  0.101390E+03  0.441661E+03  0.102670E+04  0.258292E+04  0.267446E+04  0.562614E+04  0.122567E+04  0.182882E+04  0.170763E+04  0.423779E+03  0.106133E+03
    ORGC   365    24  2003     1     1  0.150209E+03  0.450662E+03  0.101944E+04  0.256529E+04  0.265972E+04  0.560397E+04  0.122218E+04  0.182703E+04  0.170676E+04  0.423741E+03  0.106134E+03
    ORGC   365    24  2004     1     1  0.113844E+03  0.470881E+03  0.101085E+04  0.254438E+04  0.264313E+04  0.558002E+04  0.121821E+04  0.182483E+04  0.170535E+04  0.423699E+03  0.106137E+03
    ORGC   365    24  2005     1     1  0.109263E+03  0.475193E+03  0.997896E+03  0.251985E+04  0.262407E+04  0.555234E+04  0.121359E+04  0.182203E+04  0.170292E+04  0.423649E+03  0.106140E+03
    ORGC   365    24  2006     1     1  0.944228E+02  0.499703E+03  0.991784E+03  0.249857E+04  0.260712E+04  0.552743E+04  0.120939E+04  0.181971E+04  0.170102E+04  0.423595E+03  0.106142E+03
    ORGC   365    24  2007     1     1  0.411604E+03  0.562485E+03  0.102397E+04  0.250820E+04  0.261276E+04  0.551472E+04  0.121427E+04  0.182327E+04  0.169731E+04  0.423554E+03  0.106148E+03
    ORGC   365    24  2008     1     1  0.120662E+03  0.507963E+03  0.111924E+04  0.246958E+04  0.257944E+04  0.548164E+04  0.120441E+04  0.181871E+04  0.169607E+04  0.423487E+03  0.106153E+03
    ORGC   365    24  2009     1     1  0.118340E+03  0.517014E+03  0.107414E+04  0.245084E+04  0.256303E+04  0.545890E+04  0.119997E+04  0.181632E+04  0.169572E+04  0.423431E+03  0.106157E+03
    ORGC   365    24  2010     1     1  0.161241E+03  0.519309E+03  0.105409E+04  0.242583E+04  0.254451E+04  0.543193E+04  0.119540E+04  0.181386E+04  0.169547E+04  0.423369E+03  0.106162E+03
    ORGC   365    24  2011     1     1  0.123927E+03  0.540699E+03  0.104219E+04  0.240324E+04  0.252646E+04  0.540610E+04  0.119084E+04  0.181091E+04  0.169316E+04  0.423308E+03  0.106165E+03
    ORGC   365    24  2012     1     1  0.135349E+03  0.547888E+03  0.103146E+04  0.238386E+04  0.250962E+04  0.538337E+04  0.118726E+04  0.180828E+04  0.169107E+04  0.423232E+03  0.106165E+03
    ORGC   365    24  2013     1     1  0.142723E+03  0.555361E+03  0.102389E+04  0.236562E+04  0.249431E+04  0.536177E+04  0.118385E+04  0.180628E+04  0.168960E+04  0.423176E+03  0.106166E+03
    ORGC   365    24  2014     1     1  0.150239E+03  0.571119E+03  0.101955E+04  0.235084E+04  0.248170E+04  0.534228E+04  0.118086E+04  0.180493E+04  0.168924E+04  0.423125E+03  0.106171E+03
    ORGC   365    24  2015     1     1  0.126346E+03  0.582485E+03  0.100695E+04  0.232954E+04  0.246471E+04  0.531744E+04  0.117671E+04  0.180266E+04  0.168747E+04  0.423070E+03  0.106172E+03
    ORGC   365    24  2016     1     1  0.104121E+03  0.590773E+03  0.990881E+03  0.230453E+04  0.244476E+04  0.528750E+04  0.117160E+04  0.179926E+04  0.168347E+04  0.422994E+03  0.106179E+03
    ORGC   365    24  2017     1     1  0.719846E+02  0.520235E+03  0.109052E+04  0.228627E+04  0.242929E+04  0.526346E+04  0.116766E+04  0.179724E+04  0.168205E+04  0.422921E+03  0.106183E+03
    ORGC   365    24  2018     1     1  0.102899E+03  0.474542E+03  0.115472E+04  0.227203E+04  0.241604E+04  0.524256E+04  0.116475E+04  0.179626E+04  0.168222E+04  0.422868E+03  0.106191E+03
    ORGC   365    24  2019     1     1  0.823705E+02  0.436934E+03  0.118371E+04  0.225450E+04  0.240049E+04  0.521955E+04  0.116094E+04  0.179407E+04  0.167963E+04  0.422816E+03  0.106197E+03
    ORGC   365    24  2020     1     1  0.968989E+02  0.447653E+03  0.114215E+04  0.223809E+04  0.238620E+04  0.519757E+04  0.115723E+04  0.179192E+04  0.167641E+04  0.422757E+03  0.106200E+03
    ORGC   365    24  2021     1     1  0.104178E+03  0.452555E+03  0.111684E+04  0.221636E+04  0.236944E+04  0.517242E+04  0.115289E+04  0.178954E+04  0.167480E+04  0.422674E+03  0.106201E+03
    ORGC   365    24  2022     1     1  0.419387E+03  0.516904E+03  0.114310E+04  0.223040E+04  0.237946E+04  0.516631E+04  0.115845E+04  0.179188E+04  0.167153E+04  0.422612E+03  0.106203E+03
