-0.033,-1.5,0.2,5.33,400,10,1,0,0,0,0,0,0,1,1,1,8,0,2,0
0.01,0.05,0.15,0.25,0.55,0.65,1.35,2.0
1.440000057220459,1.440000057220459,1.440000057220459,1.440000057220459,1.360000014305114,1.440000057220459,1.7999999523162842,1.7999999523162842
0.2989999961853027,0.2989999961853027,0.2989999961853027,0.2989999961853027,0.28399999618530275,0.28299999237060547,0.24299999237060546,0.255
0.15800000190734864,0.15800000190734864,0.15800000190734864,0.15800000190734864,0.13699999809265137,0.14100000381469727,0.13899999618530273,0.15199999809265136
32.4,32.4,32.4,32.4,32.4,32.4,2.5199999570846554,2.5199999570846554
32.4,32.4,32.4,32.4,32.4,32.4,2.5199999570846554,2.5199999570846554
350.0,350.0,350.0,350.0,380.0,450.0,500.0,450.0
450.0,450.0,450.0,450.0,420.0,330.0,300.0,330.0
0.01,0.01,0.01,0.01,0.0,0.0,0.0,0.0
0,0,0,0,0,0,0,0
6.199999809265137,6.199999809265137,6.199999809265137,6.199999809265137,6.099999904632568,5.699999809265137,6.0,7.400000095367432
17.399999618530273,17.399999618530273,17.399999618530273,17.399999618530273,17.200000762939453,18.399999618530273,15.699999809265137,17.100000381469727
2.5,2.5,2.5,2.5,2.5,2.5,2.5,2.5
20.299999999999997,20.299999999999997,20.299999999999997,20.299999999999997,14.499999999999998,8.7,1.45,1.45
0,0,0,0,0,0,0,0
-1,-1,-1,-1,-1,-1,-1,-1
-1,-1,-1,-1,-1,-1,-1,-1
3,3,3,3,3,3,3,3
12,12,12,12,12,12,12,12
10,10,10,10,10,10,10,10
-1,-1,-1,-1,-1,-1,-1,-1
-1,-1,-1,-1,-1,-1,-1,-1
40,40,40,40,40,40,40,40
120,120,120,120,120,120,120,120
23,23,23,23,23,23,23,23
39,39,39,39,39,39,39,39
48,48,48,48,48,48,48,48
35,35,35,35,35,35,35,35
50,50,50,50,50,50,50,50
50,50,50,50,50,50,50,50
50,50,50,50,50,50,50,50
50,50,50,50,50,50,50,50
1000,1000,1000,1000,1000,1000,1000,1000
2000,2000,2000,2000,2000,2000,2000,2000
0,0,0,0,0,0,0,0
0,0,0,0,0,0,0,0
0.025,0.025,0.025,0.025,0.025,0.025,0.025,0.025
0.25,0.25,0.25,0.25,0.25,0.25,0.25,0.25
0.25,0.25,0.25,0.25,0.25,0.25,0.25,0.25
0.6,0.6,0.6,0.6,0.6,0.6,0.6,0.6
0.16,0.16,0.16,0.16,0.16,0.16,0.16,0.16
3,3,3,3,3,3,3,3
1,1,1,1,1,1,1,1
0,0,0,0,0,0,0,0
45,45,45,45,45,45,45,45
1.5,1.5,1.5,1.5,1.5,1.5,1.5,1.5
0.15,0.15,0.15,0.15,0.15,0.15,0.15,0.15
0,0,0,0,0,0,0,0
0,0,0,0,0,0,0,0
0,0,0,0,0,0,0,0
0,0,0,0,0,0,0,0
0,0,0,0,0,0,0,0
0,0,0,0,0,0,0,0
