 3651995   1   0   0   1
 3651995   1  0.00000000E+000  0.00000000E+000  0.00000000E+000  0.00000000E+000  0.00000000E+000  0.00000000E+000  0.00000000E+000  0.00000000E+000  0.00000000E+000  0.00000000E+000  0.00000000E+000  0.00000000E+000
 3661996   1   0   0   1
 3661996   1  0.00000000E+000  0.00000000E+000  0.00000000E+000  0.00000000E+000  0.00000000E+000  0.00000000E+000  0.00000000E+000  0.00000000E+000  0.00000000E+000  0.00000000E+000  0.00000000E+000  0.00000000E+000
 3651997   1   0   0   1
 3651997   1  0.00000000E+000  0.00000000E+000  0.00000000E+000  0.00000000E+000  0.00000000E+000  0.00000000E+000  0.00000000E+000  0.00000000E+000  0.00000000E+000  0.00000000E+000  0.00000000E+000  0.00000000E+000
 3651998   1   0   0   1
 3651998   1  0.00000000E+000  0.00000000E+000  0.00000000E+000  0.00000000E+000  0.00000000E+000  0.00000000E+000  0.00000000E+000  0.00000000E+000  0.00000000E+000  0.00000000E+000  0.00000000E+000  0.00000000E+000
 3651999   1   0   0   1
 3651999   1  0.00000000E+000  0.00000000E+000  0.00000000E+000  0.00000000E+000  0.00000000E+000  0.00000000E+000  0.00000000E+000  0.00000000E+000  0.00000000E+000  0.00000000E+000  0.00000000E+000  0.00000000E+000
 3662000   1   0   0   1
 3662000   1  0.00000000E+000  0.00000000E+000  0.00000000E+000  0.00000000E+000  0.00000000E+000  0.00000000E+000  0.00000000E+000  0.00000000E+000  0.00000000E+000  0.00000000E+000  0.00000000E+000  0.00000000E+000
 3652001   1   0   0   1
 3652001   1  0.00000000E+000  0.00000000E+000  0.00000000E+000  0.00000000E+000  0.00000000E+000  0.00000000E+000  0.00000000E+000  0.00000000E+000  0.00000000E+000  0.00000000E+000  0.00000000E+000  0.00000000E+000
 3652002   1   0   0   1
 3652002   1  0.00000000E+000  0.00000000E+000  0.00000000E+000  0.00000000E+000  0.00000000E+000  0.00000000E+000  0.00000000E+000  0.00000000E+000  0.00000000E+000  0.00000000E+000  0.00000000E+000  0.00000000E+000
 3652003   1   0   0   1
 3652003   1  0.00000000E+000  0.00000000E+000  0.00000000E+000  0.00000000E+000  0.00000000E+000  0.00000000E+000  0.00000000E+000  0.00000000E+000  0.00000000E+000  0.00000000E+000  0.00000000E+000  0.00000000E+000
 3662004   1   0   0   1
 3662004   1  0.00000000E+000  0.00000000E+000  0.00000000E+000  0.00000000E+000  0.00000000E+000  0.00000000E+000  0.00000000E+000  0.00000000E+000  0.00000000E+000  0.00000000E+000  0.00000000E+000  0.00000000E+000
 3652005   2   1   0   1   1   0
 3652005   2  0.00000000E+000  0.00000000E+000  0.00000000E+000  0.00000000E+000  0.00000000E+000  0.00000000E+000  0.00000000E+000  0.00000000E+000  0.00000000E+000  0.00000000E+000  0.00000000E+000  0.00000000E+000  0.00000000E+000  0.00000000E+000  0.00000000E+000
  0.00000000E+000  0.00000000E+000  0.00000000E+000  0.00000000E+000  0.00000000E+000  0.00000000E+000  0.00000000E+000  0.00000000E+000  0.00000000E+000
 3652005   2    2005     288 1000000 1000000   2   0   0   1   1   1   0   3   5   2   5   3   2
 3652005   2 -0.54305975E+000  0.20544044E-005  0.11428792E+001  0.50959803E-007  0.17356379E+000  0.50982744E-008  0.00000000E+000 -0.67038682E+001 -0.20485630E-002  0.97701597E+001 -0.64535115E+001  0.26669649E+003 -0.64535115E+001  0.26669649E+003  0.72017593E-003
  0.44344093E+000  0.39155169E-004 -0.11778143E-001 -0.16413740E+001  0.16295959E+001  0.16931362E-001  0.26265791E+000  0.13416878E-001  0.40000000E+003  0.00000000E+000  0.00000000E+000  0.00000000E+000  0.00000000E+000  0.00000000E+000  0.00000000E+000
 -0.29926358E+001  0.00000000E+000  0.00000000E+000  0.00000000E+000  0.15095656E-002  0.00000000E+000  0.40000000E+003  0.40000000E+003  0.00000000E+000  0.00000000E+000  0.00000000E+000  0.17657438E+000  0.78866211E-006  0.95000000E+000  0.00000000E+000
  0.00000000E+000  0.00000000E+000  0.00000000E+000  0.00000000E+000  0.00000000E+000
 3652005   2  0.80000000E+001
 3652005   2  0.51543007E+001
 3652005   2  0.30032809E+001
 3652005   2  0.00000000E+000
 3652005   2  0.14914390E+001
 3652005   2  0.30032809E+001
 3652005   2  0.26887748E+000
 3652005   2  0.00000000E+000
 3652005   2  0.13443874E+000
 3652005   2  0.00000000E+000
 3652005   2  0.21600000E+003
 3652005   2  0.00000000E+000
 3652005   2  0.21600000E+003
 3652005   2  0.00000000E+000
 3652005   2  0.15841643E+003
 3652005   2  0.00000000E+000
 3652005   2  0.00000000E+000
 3652005   2     1
 3652005   2     0
 3652005   2     0
 3652005   2     0
 3652005   2     0
 3652005   2     0
 3652005   2     0
 3652005   2     2
 3652005   2     2
 3652005   2     1
 3652005   2   288
 3652005   2   288
 3652005   2     0
 3652005   2     0
 3652005   2     0
 3652005   2     0
 3652005   2     0
 3652005   2     0
 3652005   2     0
 3652005   2     0
 3652006   2   0   0   0   1   1
 3652006   2  0.00000000E+000  0.00000000E+000  0.00000000E+000  0.00000000E+000  0.00000000E+000  0.00000000E+000  0.00000000E+000  0.00000000E+000  0.00000000E+000  0.00000000E+000  0.00000000E+000  0.00000000E+000  0.00000000E+000  0.00000000E+000  0.00000000E+000
  0.00000000E+000  0.00000000E+000  0.00000000E+000  0.00000000E+000  0.00000000E+000  0.00000000E+000  0.00000000E+000  0.00000000E+000  0.00000000E+000
 3652007   1   0   0   1
 3652007   1  0.00000000E+000  0.00000000E+000  0.00000000E+000  0.00000000E+000  0.00000000E+000  0.00000000E+000  0.00000000E+000  0.00000000E+000  0.00000000E+000  0.00000000E+000  0.00000000E+000  0.00000000E+000
 3662008   1   0   0   1
 3662008   1  0.00000000E+000  0.00000000E+000  0.00000000E+000  0.00000000E+000  0.00000000E+000  0.00000000E+000  0.00000000E+000  0.00000000E+000  0.00000000E+000  0.00000000E+000  0.00000000E+000  0.00000000E+000
 3652009   1   0   0   1
 3652009   1  0.00000000E+000  0.00000000E+000  0.00000000E+000  0.00000000E+000  0.00000000E+000  0.00000000E+000  0.00000000E+000  0.00000000E+000  0.00000000E+000  0.00000000E+000  0.00000000E+000  0.00000000E+000
 3652010   1   0   0   1
 3652010   1  0.00000000E+000  0.00000000E+000  0.00000000E+000  0.00000000E+000  0.00000000E+000  0.00000000E+000  0.00000000E+000  0.00000000E+000  0.00000000E+000  0.00000000E+000  0.00000000E+000  0.00000000E+000
 3652011   1   0   0   1
 3652011   1  0.00000000E+000  0.00000000E+000  0.00000000E+000  0.00000000E+000  0.00000000E+000  0.00000000E+000  0.00000000E+000  0.00000000E+000  0.00000000E+000  0.00000000E+000  0.00000000E+000  0.00000000E+000
 3662012   1   0   0   1
 3662012   1  0.00000000E+000  0.00000000E+000  0.00000000E+000  0.00000000E+000  0.00000000E+000  0.00000000E+000  0.00000000E+000  0.00000000E+000  0.00000000E+000  0.00000000E+000  0.00000000E+000  0.00000000E+000
 3652013   1   0   0   1
 3652013   1  0.00000000E+000  0.00000000E+000  0.00000000E+000  0.00000000E+000  0.00000000E+000  0.00000000E+000  0.00000000E+000  0.00000000E+000  0.00000000E+000  0.00000000E+000  0.00000000E+000  0.00000000E+000
 3652014   1   0   0   1
 3652014   1  0.00000000E+000  0.00000000E+000  0.00000000E+000  0.00000000E+000  0.00000000E+000  0.00000000E+000  0.00000000E+000  0.00000000E+000  0.00000000E+000  0.00000000E+000  0.00000000E+000  0.00000000E+000
 3652015   1   0   0   1
 3652015   1  0.00000000E+000  0.00000000E+000  0.00000000E+000  0.00000000E+000  0.00000000E+000  0.00000000E+000  0.00000000E+000  0.00000000E+000  0.00000000E+000  0.00000000E+000  0.00000000E+000  0.00000000E+000
 3662016   1   0   0   1
 3662016   1  0.00000000E+000  0.00000000E+000  0.00000000E+000  0.00000000E+000  0.00000000E+000  0.00000000E+000  0.00000000E+000  0.00000000E+000  0.00000000E+000  0.00000000E+000  0.00000000E+000  0.00000000E+000
 3652017   1   0   0   1
 3652017   1  0.00000000E+000  0.00000000E+000  0.00000000E+000  0.00000000E+000  0.00000000E+000  0.00000000E+000  0.00000000E+000  0.00000000E+000  0.00000000E+000  0.00000000E+000  0.00000000E+000  0.00000000E+000
 3652018   1   0   0   1
 3652018   1  0.00000000E+000  0.00000000E+000  0.00000000E+000  0.00000000E+000  0.00000000E+000  0.00000000E+000  0.00000000E+000  0.00000000E+000  0.00000000E+000  0.00000000E+000  0.00000000E+000  0.00000000E+000
 3652019   1   0   0   1
 3652019   1  0.00000000E+000  0.00000000E+000  0.00000000E+000  0.00000000E+000  0.00000000E+000  0.00000000E+000  0.00000000E+000  0.00000000E+000  0.00000000E+000  0.00000000E+000  0.00000000E+000  0.00000000E+000
 3662020   2   1   0   1   1   0
 3662020   2  0.00000000E+000  0.00000000E+000  0.00000000E+000  0.00000000E+000  0.00000000E+000  0.00000000E+000  0.00000000E+000  0.00000000E+000  0.00000000E+000  0.00000000E+000  0.00000000E+000  0.00000000E+000  0.00000000E+000  0.00000000E+000  0.00000000E+000
  0.00000000E+000  0.00000000E+000  0.00000000E+000  0.00000000E+000  0.00000000E+000  0.00000000E+000  0.00000000E+000  0.00000000E+000  0.00000000E+000
 3662020   2    2020     288 1000000 1000000   2   0   0   1   1   1   0   2   4   2   4   3
 3662020   2 -0.38484201E+000  0.76232382E-006  0.51252329E+000  0.18876615E-007  0.82615417E-001  0.18892466E-008  0.00000000E+000 -0.46343721E+001 -0.13436122E-002  0.82091441E+001 -0.13945998E+002  0.25920400E+003 -0.13945998E+002  0.25920400E+003  0.23817424E-004
  0.41588823E+000  0.25322542E-004 -0.18836180E+001 -0.25585141E+001  0.67489604E+000  0.12338324E-001  0.25155839E+000  0.12604618E-001  0.40000000E+003  0.00000000E+000  0.00000000E+000  0.00000000E+000  0.00000000E+000  0.00000000E+000  0.00000000E+000
 -0.29394791E+001  0.48404195E+002  0.34354255E+001  0.81895826E+000  0.13486488E-002  0.00000000E+000  0.40000000E+003  0.40000000E+003  0.00000000E+000  0.00000000E+000  0.00000000E+000  0.17450258E+000  0.95816547E-006  0.95000000E+000  0.00000000E+000
  0.00000000E+000  0.00000000E+000  0.00000000E+000  0.00000000E+000  0.00000000E+000
 3662020   2  0.80000000E+001
 3662020   2  0.49493411E+001
 3662020   2  0.30078120E+001
 3662020   2  0.00000000E+000
 3662020   2  0.13495438E+001
 3662020   2  0.30078120E+001
 3662020   2  0.24269113E+000
 3662020   2  0.00000000E+000
 3662020   2  0.12134557E+000
 3662020   2  0.00000000E+000
 3662020   2  0.24000000E+003
 3662020   2  0.00000000E+000
 3662020   2  0.24000000E+003
 3662020   2  0.00000000E+000
 3662020   2  0.14302323E+003
 3662020   2  0.00000000E+000
 3662020   2  0.00000000E+000
 3662020   2     1
 3662020   2     0
 3662020   2     0
 3662020   2     0
 3662020   2     0
 3662020   2     0
 3662020   2     0
 3662020   2     2
 3662020   2     2
 3662020   2     1
 3662020   2   288
 3662020   2   288
 3662020   2     0
 3662020   2     0
 3662020   2     0
 3662020   2     0
 3662020   2     0
 3662020   2     0
 3662020   2     0
 3662020   2     0
 3652021   2   0   0   0   1   1
 3652021   2  0.00000000E+000  0.00000000E+000  0.00000000E+000  0.00000000E+000  0.00000000E+000  0.00000000E+000  0.00000000E+000  0.00000000E+000  0.00000000E+000  0.00000000E+000  0.00000000E+000  0.00000000E+000  0.00000000E+000  0.00000000E+000  0.00000000E+000
  0.00000000E+000  0.00000000E+000  0.00000000E+000  0.00000000E+000  0.00000000E+000  0.00000000E+000  0.00000000E+000  0.00000000E+000  0.00000000E+000
 3652022   1   0   0   1
 3652022   1  0.00000000E+000  0.00000000E+000  0.00000000E+000  0.00000000E+000  0.00000000E+000  0.00000000E+000  0.00000000E+000  0.00000000E+000  0.00000000E+000  0.00000000E+000  0.00000000E+000  0.00000000E+000
