 3652005   2 -0.67124786E-001 -0.11036629E-001 -0.11218733E-001 -0.11513740E-001 -0.11981809E-001 -0.10000000E-001 -0.10000000E-001 -0.10000000E-001
 3652005   2 -0.16915865E+001 -0.16575545E+001 -0.16581771E+001 -0.16586724E+001 -0.16597390E+001 -0.12600000E+001 -0.12600000E+001 -0.12600000E+001
 3652005   2  0.16244617E+001  0.16465179E+001  0.16469584E+001  0.16471587E+001  0.16477572E+001  0.12500000E+001  0.12500000E+001  0.12500000E+001
 3652005   2  0.12000000E+004  0.12000000E+004  0.80000000E+003  0.40000000E+003  0.40000000E+003  0.00000000E+000  0.00000000E+000  0.00000000E+000
 3652005   2  0.75300000E+006  0.30120000E+007  0.50200000E+007  0.25100000E+007  0.75300000E+007  0.00000000E+000  0.00000000E+000  0.00000000E+000
 3652005   2  0.10193109E+000  0.40226503E+001  0.19508135E+001  0.84774737E+000  0.44799393E+000  0.00000000E+000  0.00000000E+000  0.00000000E+000
 3652005   2  0.10193109E+002  0.10056626E+003  0.19508135E+002  0.84774737E+001  0.14933131E+001  0.00000000E+000  0.00000000E+000  0.00000000E+000
 3652005   2  0.20838044E-006  0.17371559E-004  0.65153313E-005  0.29949408E-005  0.17391100E-005  0.00000000E+000  0.00000000E+000  0.00000000E+000
 3652005   2  0.18754240E-005  0.15634403E-003  0.58637982E-004  0.26954468E-004  0.15651990E-004  0.00000000E+000  0.00000000E+000  0.00000000E+000
 3652005   2  0.20000000E-003  0.20000000E-003  0.20000000E-003  0.20000000E-003  0.20000000E-003  0.20000000E-003  0.20000000E-003  0.20000000E-003
 3652005   2  0.10000000E-003  0.10000000E-003  0.10000000E-003  0.10000000E-003  0.10000000E-003  0.10000000E-003  0.10000000E-003  0.10000000E-003
 3652005   2  0.64043304E-004  0.28150715E-002  0.14763555E-002  0.65808601E-003  0.36352851E-003  0.00000000E+000  0.00000000E+000  0.00000000E+000
 3652005   2  0.10000000E-002  0.10000000E-002  0.10000000E-002  0.10000000E-002  0.10000000E-002  0.10000000E-002  0.10000000E-002  0.10000000E-002
 3652005   2  0.48493397E-005  0.17498393E-003  0.10863716E-003  0.57349080E-004  0.62834700E-004  0.00000000E+000  0.00000000E+000  0.00000000E+000
 3652005   2 -0.48282565E-005 -0.17414012E-003 -0.10809462E-003 -0.57052052E-004 -0.62505574E-004  0.00000000E+000  0.00000000E+000  0.00000000E+000
 3652005   2  0.48282565E-005  0.17414012E-003  0.10809462E-003  0.57052052E-004  0.62505574E-004  0.00000000E+000  0.00000000E+000  0.00000000E+000
 3652005   2  0.97552866E-007  0.83528493E-004  0.32715071E-004  0.15678110E-004  0.92710077E-005  0.00000000E+000  0.00000000E+000  0.00000000E+000
 3652005   2  0.62913727E-004  0.47423824E-002  0.17358712E-002  0.77358004E-003  0.44964170E-003  0.00000000E+000  0.00000000E+000  0.00000000E+000
 3652005   2  0.20208651E-009  0.36865193E-008  0.88669669E-009  0.31098867E-009  0.74369927E-010  0.00000000E+000  0.00000000E+000  0.00000000E+000
 3652005   2  0.83277190E-010  0.95463376E-008  0.36105819E-008  0.16692128E-008  0.97576651E-009  0.00000000E+000  0.00000000E+000  0.00000000E+000
 3652005   2  0.49571942E-012  0.19442227E-011 -0.69415267E-008 -0.38446164E-007 -0.48690983E-007  0.00000000E+000  0.00000000E+000  0.00000000E+000
 3652005   2  0.35702935E-005  0.12967734E-002  0.50122986E-003  0.23618179E-003  0.13513347E-003  0.00000000E+000  0.00000000E+000  0.00000000E+000
 3652005   2  0.27610370E-004  0.20880513E-002  0.75975543E-003  0.33548298E-003  0.19123877E-003  0.00000000E+000  0.00000000E+000  0.00000000E+000
 3652005   2  0.10370177E-009  0.17835116E-008  0.42779225E-009  0.15081002E-009  0.33357067E-010  0.00000000E+000  0.00000000E+000  0.00000000E+000
 3652005   2  0.11164467E-008  0.11064158E-006  0.41338818E-007  0.18787888E-007  0.10614097E-007  0.00000000E+000  0.00000000E+000  0.00000000E+000
 3652005   2  0.29409242E-009  0.67757400E-008  0.17037888E-008  0.11236516E-008  0.40410147E-009  0.00000000E+000  0.00000000E+000  0.00000000E+000
 3652005   2  0.57724475E-001  0.22327238E+001  0.11699319E+001  0.36653233E+000  0.84714670E+000  0.00000000E+000  0.00000000E+000  0.00000000E+000
 3652005   2  0.85584763E-001  0.32542874E+001  0.17924451E+001  0.73459913E+000  0.64892038E+000  0.00000000E+000  0.00000000E+000  0.00000000E+000
 3652005   2  0.36077797E-002  0.13954524E+000  0.68916172E-001  0.22908270E-001  0.20451733E-001  0.00000000E+000  0.00000000E+000  0.00000000E+000
 3652005   2  0.12927533E-004  0.46663625E-003  0.28972520E-003  0.15297239E-003  0.16759926E-003  0.00000000E+000  0.00000000E+000  0.00000000E+000
 3652005   2  0.14081815E-006  0.17060749E-005  0.95846095E-006  0.49015116E-006  0.12546896E-006  0.00000000E+000  0.00000000E+000  0.00000000E+000
 3652005   2  0.52263558E-006  0.18349164E-004  0.94187045E-005  0.56662881E-005  0.18342075E-005  0.00000000E+000  0.00000000E+000  0.00000000E+000
 3652005   2  0.14330814E-006  0.63827186E-005  0.35012632E-005  0.19470520E-005  0.60963204E-006  0.00000000E+000  0.00000000E+000  0.00000000E+000
 3652005   2  0.11948475E-007  0.53377204E-006  0.22979294E-006  0.10652883E-006  0.23206312E-007  0.00000000E+000  0.00000000E+000  0.00000000E+000
 3652005   2  0.10326141E-006  0.16999657E-005  0.10946053E-005  0.53158286E-006  0.13916902E-006  0.00000000E+000  0.00000000E+000  0.00000000E+000
 3652005   2  0.47852160E-006  0.26034706E-004  0.15915109E-004  0.89057185E-005  0.29884383E-005  0.00000000E+000  0.00000000E+000  0.00000000E+000
 3652005   2  0.00000000E+000  0.00000000E+000  0.00000000E+000  0.00000000E+000  0.00000000E+000  0.00000000E+000  0.00000000E+000  0.00000000E+000
 3652005   2  0.00000000E+000  0.00000000E+000  0.00000000E+000  0.00000000E+000  0.00000000E+000  0.00000000E+000  0.00000000E+000  0.00000000E+000
 3652005   2  0.99566800E+000  0.99522534E+000  0.99508307E+000  0.99488301E+000  0.99479068E+000  0.10000000E+001  0.10000000E+001  0.10000000E+001
 3652005   2  0.27860288E-001  0.88648362E+000  0.46351368E+000  0.14222745E+000  0.32169265E+000  0.00000000E+000  0.00000000E+000  0.00000000E+000
 3652005   2  0.10002720E-001  0.31944426E+000  0.16766233E+000  0.52223378E-001  0.11525421E+000  0.00000000E+000  0.00000000E+000  0.00000000E+000
 3652005   2  0.14340769E-002  0.45848757E-001  0.24036500E-001  0.74675773E-002  0.16498654E-001  0.00000000E+000  0.00000000E+000  0.00000000E+000
 3652005   2  0.31512321E+000  0.14919017E+000  0.45760402E-001
 3652005   2  0.66763954E+000  0.29225916E+000  0.58401233E-001
 3652005   2  0.16690988E-001  0.73064790E-002  0.14600308E-002
 3652005   2  0.16690988E-002  0.73064790E-003  0.14600308E-003
 3652005   2  0.25100000E+006  0.10040000E+007  0.25100000E+007  0.25100000E+007  0.75300000E+007  0.00000000E+000  0.00000000E+000  0.00000000E+000
 3652005   2  0.00000000E+000  0.29973358E-001  0.10002152E+000  0.99829969E-001  0.65298367E-001  0.00000000E+000  0.00000000E+000  0.00000000E+000
 3652005   2  0.00000000E+000  0.67806928E-001  0.22627268E+000  0.22583935E+000  0.14772058E+000  0.00000000E+000  0.00000000E+000  0.00000000E+000
 3652005   2  0.00000000E+000  0.16951732E-002  0.56568171E-002  0.56459837E-002  0.36930144E-002  0.00000000E+000  0.00000000E+000  0.00000000E+000
 3652005   2  0.00000000E+000  0.16951732E-003  0.56568171E-003  0.56459837E-003  0.36930144E-003  0.00000000E+000  0.00000000E+000  0.00000000E+000
 3652005   2  0.34273606E-001  0.15228487E+001  0.62273212E+000  0.36653233E+000  0.17950716E+000  0.00000000E+000  0.00000000E+000  0.00000000E+000
 3652005   2  0.85684015E-003  0.38071218E-001  0.15568303E-001  0.91633082E-002  0.44876790E-002  0.00000000E+000  0.00000000E+000  0.00000000E+000
 3652005   2  0.85684015E-004  0.38071218E-002  0.15568303E-002  0.91633082E-003  0.44876790E-003  0.00000000E+000  0.00000000E+000  0.00000000E+000
 3652005   2  0.24223590E+002  0.10770077E+004  0.44043576E+003  0.25923497E+003  0.12695888E+003  0.00000000E+000  0.00000000E+000  0.00000000E+000
 3652005   2  0.25100000E+006  0.10040000E+007  0.25100000E+007  0.00000000E+000  0.00000000E+000  0.00000000E+000  0.00000000E+000  0.00000000E+000
 3652005   2  0.00000000E+000  0.29737393E-001  0.99452772E-001  0.00000000E+000  0.00000000E+000  0.00000000E+000  0.00000000E+000  0.00000000E+000
 3652005   2  0.00000000E+000  0.67273121E-001  0.22498604E+000  0.00000000E+000  0.00000000E+000  0.00000000E+000  0.00000000E+000  0.00000000E+000
 3652005   2  0.00000000E+000  0.16818280E-002  0.56246510E-002  0.00000000E+000  0.00000000E+000  0.00000000E+000  0.00000000E+000  0.00000000E+000
 3652005   2  0.00000000E+000  0.16818280E-003  0.56246510E-003  0.00000000E+000  0.00000000E+000  0.00000000E+000  0.00000000E+000  0.00000000E+000
 3652005   2  0.21207915E-001  0.59270383E+000  0.25494060E+000  0.00000000E+000  0.00000000E+000  0.00000000E+000  0.00000000E+000  0.00000000E+000
 3652005   2  0.53019786E-003  0.14817596E-001  0.63735150E-002  0.00000000E+000  0.00000000E+000  0.00000000E+000  0.00000000E+000  0.00000000E+000
 3652005   2  0.53019786E-004  0.14817596E-002  0.63735150E-003  0.00000000E+000  0.00000000E+000  0.00000000E+000  0.00000000E+000  0.00000000E+000
 3652005   2  0.14980803E+002  0.41912776E+003  0.18031020E+003  0.00000000E+000  0.00000000E+000  0.00000000E+000  0.00000000E+000  0.00000000E+000
 3652005   2  0.25100000E+006  0.10040000E+007  0.00000000E+000  0.00000000E+000  0.00000000E+000  0.00000000E+000  0.00000000E+000  0.00000000E+000
 3652005   2  0.00000000E+000  0.25760402E-001  0.00000000E+000  0.00000000E+000  0.00000000E+000  0.00000000E+000  0.00000000E+000  0.00000000E+000
 3652005   2  0.00000000E+000  0.58401233E-001  0.00000000E+000  0.00000000E+000  0.00000000E+000  0.00000000E+000  0.00000000E+000  0.00000000E+000
 3652005   2  0.00000000E+000  0.14600308E-002  0.00000000E+000  0.00000000E+000  0.00000000E+000  0.00000000E+000  0.00000000E+000  0.00000000E+000
 3652005   2  0.00000000E+000  0.14600308E-003  0.00000000E+000  0.00000000E+000  0.00000000E+000  0.00000000E+000  0.00000000E+000  0.00000000E+000
 3652005   2  0.22429544E-002  0.58769979E-001  0.00000000E+000  0.00000000E+000  0.00000000E+000  0.00000000E+000  0.00000000E+000  0.00000000E+000
 3652005   2  0.56073861E-004  0.14692495E-002  0.00000000E+000  0.00000000E+000  0.00000000E+000  0.00000000E+000  0.00000000E+000  0.00000000E+000
 3652005   2  0.56073861E-005  0.14692495E-003  0.00000000E+000  0.00000000E+000  0.00000000E+000  0.00000000E+000  0.00000000E+000  0.00000000E+000
 3652005   2  0.15680424E+001  0.41477754E+002  0.00000000E+000  0.00000000E+000  0.00000000E+000  0.00000000E+000  0.00000000E+000  0.00000000E+000
 3652005   2 -0.67145842E-001 -0.11036621E-001 -0.11218727E-001 -0.11513737E-001 -0.11981809E-001 -0.10000000E-001 -0.10000000E-001 -0.10000000E-001
 3652005   2 -0.17115305E+001 -0.16692140E+001 -0.16594067E+001 -0.16439613E+001 -0.16787238E+001 -0.12600000E+001 -0.12600000E+001 -0.12600000E+001
 3652005   2  0.16443847E+001  0.16581774E+001  0.16481880E+001  0.16324476E+001  0.16667420E+001  0.12500000E+001  0.12500000E+001  0.12500000E+001
 3652005   2  0.00000000E+000  0.00000000E+000  0.00000000E+000  0.00000000E+000  0.00000000E+000  0.00000000E+000  0.00000000E+000  0.00000000E+000
 3652005   2  0.75300000E+006  0.30120000E+007  0.50200000E+007  0.25100000E+007  0.75300000E+007  0.00000000E+000  0.00000000E+000  0.00000000E+000
 3652005   2  0.41487151E-004  0.47378631E+002  0.39281920E+002  0.19519700E+002  0.11734520E+002  0.00000000E+000  0.00000000E+000  0.00000000E+000
 3652005   2  0.41487151E-002  0.11844658E+004  0.39281920E+003  0.19519700E+003  0.39115067E+002  0.00000000E+000  0.00000000E+000  0.00000000E+000
 3652005   2  0.21434987E-012  0.24692530E-006  0.20342562E-006  0.10011948E-006  0.61452549E-007  0.00000000E+000  0.00000000E+000  0.00000000E+000
 3652005   2  0.19291488E-011  0.22223277E-005  0.18308306E-005  0.90107528E-006  0.55307294E-006  0.00000000E+000  0.00000000E+000  0.00000000E+000
 3652005   2  0.50000000E-005  0.50000000E-005  0.50000000E-005  0.50000000E-005  0.50000000E-005  0.50000000E-005  0.50000000E-005  0.50000000E-005
 3652005   2  0.50000000E-005  0.50000000E-005  0.50000000E-005  0.50000000E-005  0.50000000E-005  0.50000000E-005  0.50000000E-005  0.50000000E-005
 3652005   2  0.13033189E-008  0.14883997E-002  0.12340415E-002  0.61321139E-003  0.36863995E-003  0.00000000E+000  0.00000000E+000  0.00000000E+000
 3652005   2  0.10000000E-002  0.62919828E-002  0.31300335E-002  0.31107092E-002  0.10000000E-002  0.10000000E-002  0.10000000E-002  0.10000000E-002
 3652005   2  0.21320577E-006  0.30660315E-004  0.26929497E-004  0.14961356E-004  0.17282389E-004  0.00000000E+000  0.00000000E+000  0.00000000E+000
 3652005   2 -0.36592126E-012 -0.30511346E-004 -0.26798134E-004 -0.14886890E-004 -0.17194940E-004  0.00000000E+000  0.00000000E+000  0.00000000E+000
 3652005   2  0.36592126E-012  0.30511346E-004  0.26798134E-004  0.14886890E-004  0.17194940E-004  0.00000000E+000  0.00000000E+000  0.00000000E+000
 3652005   2  0.00000000E+000  0.00000000E+000  0.00000000E+000  0.00000000E+000  0.00000000E+000  0.00000000E+000  0.00000000E+000  0.00000000E+000
 3652005   2  0.00000000E+000  0.00000000E+000  0.00000000E+000  0.00000000E+000  0.00000000E+000  0.00000000E+000  0.00000000E+000  0.00000000E+000
 3652005   2  0.00000000E+000  0.00000000E+000  0.00000000E+000  0.00000000E+000  0.00000000E+000  0.00000000E+000  0.00000000E+000  0.00000000E+000
 3652005   2  0.00000000E+000  0.00000000E+000  0.00000000E+000  0.00000000E+000  0.00000000E+000  0.00000000E+000  0.00000000E+000  0.00000000E+000
 3652005   2  0.00000000E+000  0.00000000E+000  0.00000000E+000  0.00000000E+000  0.00000000E+000  0.00000000E+000  0.00000000E+000  0.00000000E+000
 3652005   2  0.17721352E-010  0.18600150E-004  0.15482053E-004  0.77033285E-005  0.46822309E-005  0.00000000E+000  0.00000000E+000  0.00000000E+000
 3652005   2  0.00000000E+000  0.00000000E+000  0.00000000E+000  0.00000000E+000  0.00000000E+000  0.00000000E+000  0.00000000E+000  0.00000000E+000
 3652005   2  0.00000000E+000  0.00000000E+000  0.00000000E+000  0.00000000E+000  0.00000000E+000  0.00000000E+000  0.00000000E+000  0.00000000E+000
 3652005   2  0.00000000E+000  0.00000000E+000  0.00000000E+000  0.00000000E+000  0.00000000E+000  0.00000000E+000  0.00000000E+000  0.00000000E+000
 3652005   2  0.00000000E+000  0.00000000E+000  0.00000000E+000  0.00000000E+000  0.00000000E+000  0.00000000E+000  0.00000000E+000  0.00000000E+000
 3652005   2  0.58658683E-007  0.67011157E-001  0.55540707E-001  0.27598904E-001  0.16591438E-001  0.00000000E+000  0.00000000E+000  0.00000000E+000
 3652005   2  0.13911970E-002  0.11084675E+000  0.78336288E-001  0.34516625E-001  0.32375885E-001  0.00000000E+000  0.00000000E+000  0.00000000E+000
 3652005   2  0.36661677E-008  0.41881973E-002  0.34712942E-002  0.17249315E-002  0.10369649E-002  0.00000000E+000  0.00000000E+000  0.00000000E+000
 3652005   2  0.56846127E-006  0.81763002E-004  0.71818500E-004  0.39905423E-004  0.46093703E-004  0.00000000E+000  0.00000000E+000  0.00000000E+000
 3652005   2  0.00000000E+000  0.94730463E-006  0.89510674E-006  0.48117757E-006  0.32573739E-006  0.00000000E+000  0.00000000E+000  0.00000000E+000
 3652005   2  0.00000000E+000  0.95739878E-005  0.81468808E-005  0.50320043E-005  0.47091764E-005  0.00000000E+000  0.00000000E+000  0.00000000E+000
 3652005   2  0.00000000E+000  0.33288309E-005  0.30325599E-005  0.17368374E-005  0.15704428E-005  0.00000000E+000  0.00000000E+000  0.00000000E+000
 3652005   2  0.00000000E+000  0.27843954E-006  0.19923471E-006  0.95219608E-007  0.59799786E-007  0.00000000E+000  0.00000000E+000  0.00000000E+000
 3652005   2  0.00000000E+000  0.94391738E-006  0.10222717E-005  0.52184646E-006  0.36130478E-006  0.00000000E+000  0.00000000E+000  0.00000000E+000
 3652005   2  0.00000000E+000  0.13583794E-004  0.13765825E-004  0.79086720E-005  0.76725662E-005  0.00000000E+000  0.00000000E+000  0.00000000E+000
 3652005   2  0.00000000E+000  0.00000000E+000  0.00000000E+000  0.00000000E+000  0.00000000E+000  0.00000000E+000  0.00000000E+000  0.00000000E+000
 3652005   2  0.00000000E+000  0.00000000E+000  0.00000000E+000  0.00000000E+000  0.00000000E+000  0.00000000E+000  0.00000000E+000  0.00000000E+000
 3652005   2  0.00000000E+000  0.99514470E+000  0.99512500E+000  0.99502578E+000  0.99494430E+000  0.10000000E+001  0.10000000E+001  0.10000000E+001
 3652005   2  0.13911384E-002  0.43835592E-001  0.22795581E-001  0.69177207E-002  0.15784447E-001  0.00000000E+000  0.00000000E+000  0.00000000E+000
 3652005   2  0.50110510E-003  0.16035545E-001  0.84846558E-002  0.26827502E-002  0.58037909E-002  0.00000000E+000  0.00000000E+000  0.00000000E+000
 3652005   2  0.71680549E-004  0.23013718E-002  0.12137007E-002  0.38140134E-003  0.82717004E-003  0.00000000E+000  0.00000000E+000  0.00000000E+000
 3652005   2  0.20000000E-001  0.20000000E-001  0.20000000E-001
 3652005   2  0.00000000E+000  0.00000000E+000  0.00000000E+000
 3652005   2  0.00000000E+000  0.00000000E+000  0.00000000E+000
 3652005   2  0.00000000E+000  0.00000000E+000  0.00000000E+000
 3652005   2  0.25100000E+006  0.10040000E+007  0.25100000E+007  0.25100000E+007  0.75300000E+007  0.00000000E+000  0.00000000E+000  0.00000000E+000
 3652005   2  0.00000000E+000  0.00000000E+000  0.00000000E+000  0.00000000E+000  0.00000000E+000  0.00000000E+000  0.00000000E+000  0.00000000E+000
 3652005   2  0.00000000E+000  0.00000000E+000  0.00000000E+000  0.00000000E+000  0.00000000E+000  0.00000000E+000  0.00000000E+000  0.00000000E+000
 3652005   2  0.00000000E+000  0.00000000E+000  0.00000000E+000  0.00000000E+000  0.00000000E+000  0.00000000E+000  0.00000000E+000  0.00000000E+000
 3652005   2  0.00000000E+000  0.00000000E+000  0.00000000E+000  0.00000000E+000  0.00000000E+000  0.00000000E+000  0.00000000E+000  0.00000000E+000
 3652005   2  0.52024957E-007  0.34030519E-001  0.39147343E-001  0.27598904E-001  0.16591438E-001  0.00000000E+000  0.00000000E+000  0.00000000E+000
 3652005   2  0.13006239E-008  0.85076299E-003  0.97868356E-003  0.68997261E-003  0.41478595E-003  0.00000000E+000  0.00000000E+000  0.00000000E+000
 3652005   2  0.13006239E-009  0.85076299E-004  0.97868356E-004  0.68997261E-004  0.41478595E-004  0.00000000E+000  0.00000000E+000  0.00000000E+000
 3652005   2  0.14718143E-001  0.96254103E+004  0.11074996E+005  0.78078802E+004  0.46938081E+004  0.00000000E+000  0.00000000E+000  0.00000000E+000
 3652005   2  0.25100000E+006  0.10040000E+007  0.25100000E+007  0.00000000E+000  0.00000000E+000  0.00000000E+000  0.00000000E+000  0.00000000E+000
 3652005   2  0.00000000E+000  0.00000000E+000  0.00000000E+000  0.00000000E+000  0.00000000E+000  0.00000000E+000  0.00000000E+000  0.00000000E+000
 3652005   2  0.00000000E+000  0.00000000E+000  0.00000000E+000  0.00000000E+000  0.00000000E+000  0.00000000E+000  0.00000000E+000  0.00000000E+000
 3652005   2  0.00000000E+000  0.00000000E+000  0.00000000E+000  0.00000000E+000  0.00000000E+000  0.00000000E+000  0.00000000E+000  0.00000000E+000
 3652005   2  0.00000000E+000  0.00000000E+000  0.00000000E+000  0.00000000E+000  0.00000000E+000  0.00000000E+000  0.00000000E+000  0.00000000E+000
 3652005   2  0.66337263E-008  0.29197131E-001  0.16393364E-001  0.00000000E+000  0.00000000E+000  0.00000000E+000  0.00000000E+000  0.00000000E+000
 3652005   2  0.16584316E-009  0.72992828E-003  0.40983411E-003  0.00000000E+000  0.00000000E+000  0.00000000E+000  0.00000000E+000  0.00000000E+000
 3652005   2  0.16584316E-010  0.72992828E-004  0.40983411E-004  0.00000000E+000  0.00000000E+000  0.00000000E+000  0.00000000E+000  0.00000000E+000
 3652005   2  0.18767172E-002  0.82579714E+004  0.46377720E+004  0.00000000E+000  0.00000000E+000  0.00000000E+000  0.00000000E+000  0.00000000E+000
 3652005   2  0.25100000E+006  0.10040000E+007  0.00000000E+000  0.00000000E+000  0.00000000E+000  0.00000000E+000  0.00000000E+000  0.00000000E+000
 3652005   2  0.00000000E+000  0.00000000E+000  0.00000000E+000  0.00000000E+000  0.00000000E+000  0.00000000E+000  0.00000000E+000  0.00000000E+000
 3652005   2  0.00000000E+000  0.00000000E+000  0.00000000E+000  0.00000000E+000  0.00000000E+000  0.00000000E+000  0.00000000E+000  0.00000000E+000
 3652005   2  0.00000000E+000  0.00000000E+000  0.00000000E+000  0.00000000E+000  0.00000000E+000  0.00000000E+000  0.00000000E+000  0.00000000E+000
 3652005   2  0.00000000E+000  0.00000000E+000  0.00000000E+000  0.00000000E+000  0.00000000E+000  0.00000000E+000  0.00000000E+000  0.00000000E+000
 3652005   2  0.00000000E+000  0.37835057E-002  0.00000000E+000  0.00000000E+000  0.00000000E+000  0.00000000E+000  0.00000000E+000  0.00000000E+000
 3652005   2  0.00000000E+000  0.94587643E-004  0.00000000E+000  0.00000000E+000  0.00000000E+000  0.00000000E+000  0.00000000E+000  0.00000000E+000
 3652005   2  0.00000000E+000  0.94587643E-005  0.00000000E+000  0.00000000E+000  0.00000000E+000  0.00000000E+000  0.00000000E+000  0.00000000E+000
 3652005   2  0.00000000E+000  0.10680706E+004  0.00000000E+000  0.00000000E+000  0.00000000E+000  0.00000000E+000  0.00000000E+000  0.00000000E+000
 3652005   2  0.00000000E+000  0.00000000E+000  0.00000000E+000  0.00000000E+000  0.00000000E+000  0.00000000E+000  0.00000000E+000  0.00000000E+000
 3652005   2  0.00000000E+000  0.00000000E+000  0.00000000E+000  0.00000000E+000  0.00000000E+000  0.00000000E+000  0.00000000E+000  0.00000000E+000
 3652005   2  0.00000000E+000  0.00000000E+000  0.00000000E+000  0.00000000E+000  0.00000000E+000  0.00000000E+000  0.00000000E+000  0.00000000E+000
 3652005   2  0.00000000E+000  0.00000000E+000  0.00000000E+000  0.00000000E+000  0.00000000E+000  0.00000000E+000  0.00000000E+000  0.00000000E+000
 3652005   2  0.00000000E+000  0.00000000E+000  0.00000000E+000  0.00000000E+000  0.00000000E+000  0.00000000E+000  0.00000000E+000  0.00000000E+000
 3652005   2  0.00000000E+000  0.00000000E+000  0.00000000E+000  0.00000000E+000  0.00000000E+000  0.00000000E+000  0.00000000E+000  0.00000000E+000
 3662020   2 -0.30170308E+001 -0.28075623E+001 -0.26224060E+001 -0.15286314E+001 -0.10000000E-001 -0.10000000E-001 -0.10000000E-001 -0.10000000E-001
 3662020   2 -0.31248772E+001 -0.30303338E+001 -0.29465227E+001 -0.24338017E+001 -0.12600000E+001 -0.12600000E+001 -0.12600000E+001 -0.12600000E+001
 3662020   2  0.10784641E+000  0.22277146E+000  0.32411665E+000  0.90517031E+000  0.12500000E+001  0.12500000E+001  0.12500000E+001  0.12500000E+001
 3662020   2  0.80000000E+003  0.80000000E+003  0.80000000E+003  0.40000000E+003  0.00000000E+000  0.00000000E+000  0.00000000E+000  0.00000000E+000
 3662020   2  0.50200000E+006  0.20080000E+007  0.50200000E+007  0.25100000E+007  0.00000000E+000  0.00000000E+000  0.00000000E+000  0.00000000E+000
 3662020   2  0.11049452E+000  0.18321258E+001  0.11041121E+001  0.33366843E+000  0.00000000E+000  0.00000000E+000  0.00000000E+000  0.00000000E+000
 3662020   2  0.11049452E+002  0.45803144E+002  0.11041121E+002  0.33366843E+001  0.00000000E+000  0.00000000E+000  0.00000000E+000  0.00000000E+000
 3662020   2  0.13886951E-006  0.10741973E-004  0.25062273E-005  0.80866994E-006  0.00000000E+000  0.00000000E+000  0.00000000E+000  0.00000000E+000
 3662020   2  0.12498256E-005  0.96677754E-004  0.22556045E-004  0.72780294E-005  0.00000000E+000  0.00000000E+000  0.00000000E+000  0.00000000E+000
 3662020   2  0.20000000E-003  0.20000000E-003  0.20000000E-003  0.20000000E-003  0.20000000E-003  0.20000000E-003  0.20000000E-003  0.20000000E-003
 3662020   2  0.10000000E-003  0.10000000E-003  0.10000000E-003  0.10000000E-003  0.10000000E-003  0.10000000E-003  0.10000000E-003  0.10000000E-003
 3662020   2  0.69423708E-004  0.14061839E-002  0.88011383E-003  0.27451946E-003  0.00000000E+000  0.00000000E+000  0.00000000E+000  0.00000000E+000
 3662020   2  0.10000000E-002  0.10000000E-002  0.10000000E-002  0.10000000E-002  0.10000000E-002  0.10000000E-002  0.10000000E-002  0.10000000E-002
 3662020   2  0.19943711E-005  0.47257356E-004  0.35954500E-004  0.22395244E-004  0.00000000E+000  0.00000000E+000  0.00000000E+000  0.00000000E+000
 3662020   2 -0.19869264E-005 -0.47043229E-004 -0.35773474E-004 -0.22277515E-004  0.00000000E+000  0.00000000E+000  0.00000000E+000  0.00000000E+000
 3662020   2  0.19869264E-005  0.47043229E-004  0.35773474E-004  0.22277515E-004  0.00000000E+000  0.00000000E+000  0.00000000E+000  0.00000000E+000
 3662020   2  0.56055416E-007  0.35192636E-004  0.96750578E-005  0.31725936E-005  0.00000000E+000  0.00000000E+000  0.00000000E+000  0.00000000E+000
 3662020   2  0.43102352E-004  0.29253547E-002  0.61885364E-003  0.19668128E-003  0.00000000E+000  0.00000000E+000  0.00000000E+000  0.00000000E+000
 3662020   2  0.13833228E-009  0.25034357E-008  0.26979525E-009  0.45582336E-010  0.00000000E+000  0.00000000E+000  0.00000000E+000  0.00000000E+000
 3662020   2  0.62306126E-010  0.65898358E-008  0.13095913E-008  0.42009974E-009  0.00000000E+000  0.00000000E+000  0.00000000E+000  0.00000000E+000
 3662020   2  0.33836235E-012  0.26957458E-011 -0.21930830E-007 -0.44957336E-007  0.00000000E+000  0.00000000E+000  0.00000000E+000  0.00000000E+000
 3662020   2  0.20222758E-005  0.58494642E-003  0.15989395E-003  0.50972642E-004  0.00000000E+000  0.00000000E+000  0.00000000E+000  0.00000000E+000
 3662020   2  0.19761043E-004  0.13417284E-002  0.28161996E-003  0.88188490E-004  0.00000000E+000  0.00000000E+000  0.00000000E+000  0.00000000E+000
 3662020   2  0.74243224E-010  0.12759624E-008  0.11481127E-009  0.16269163E-010  0.00000000E+000  0.00000000E+000  0.00000000E+000  0.00000000E+000
 3662020   2  0.10898735E-008  0.82120238E-007  0.16198017E-007  0.50521166E-008  0.00000000E+000  0.00000000E+000  0.00000000E+000  0.00000000E+000
 3662020   2  0.39285668E-009  0.10937812E-007  0.17772545E-008  0.53343957E-009  0.00000000E+000  0.00000000E+000  0.00000000E+000  0.00000000E+000
 3662020   2  0.62765060E-001  0.96860682E+000  0.63615293E+000  0.54079298E+000  0.00000000E+000  0.00000000E+000  0.00000000E+000  0.00000000E+000
 3662020   2  0.13527843E+000  0.22164524E+001  0.15263614E+001  0.86458306E+000  0.00000000E+000  0.00000000E+000  0.00000000E+000  0.00000000E+000
 3662020   2  0.39228163E-002  0.60537926E-001  0.35574318E-001  0.15466887E-001  0.00000000E+000  0.00000000E+000  0.00000000E+000  0.00000000E+000
 3662020   2  0.66450657E-005  0.12616999E-003  0.93753376E-004  0.59871430E-004  0.00000000E+000  0.00000000E+000  0.00000000E+000  0.00000000E+000
 3662020   2  0.24712508E-006  0.22591587E-005  0.10081861E-005  0.19640992E-006  0.00000000E+000  0.00000000E+000  0.00000000E+000  0.00000000E+000
 3662020   2  0.55310553E-006  0.10702794E-004  0.61208179E-005  0.12079210E-005  0.00000000E+000  0.00000000E+000  0.00000000E+000  0.00000000E+000
 3662020   2  0.14922241E-006  0.31354579E-005  0.18732052E-005  0.42550204E-006  0.00000000E+000  0.00000000E+000  0.00000000E+000  0.00000000E+000
 3662020   2  0.12634283E-007  0.26327775E-006  0.12850388E-006  0.24813944E-007  0.00000000E+000  0.00000000E+000  0.00000000E+000  0.00000000E+000
 3662020   2  0.15472364E-006  0.16490254E-005  0.79975001E-006  0.19904099E-006  0.00000000E+000  0.00000000E+000  0.00000000E+000  0.00000000E+000
 3662020   2  0.41945890E-006  0.97161505E-005  0.64503302E-005  0.17341856E-005  0.00000000E+000  0.00000000E+000  0.00000000E+000  0.00000000E+000
 3662020   2  0.00000000E+000  0.00000000E+000  0.00000000E+000  0.00000000E+000  0.00000000E+000  0.00000000E+000  0.00000000E+000  0.00000000E+000
 3662020   2  0.00000000E+000  0.00000000E+000  0.00000000E+000  0.00000000E+000  0.00000000E+000  0.00000000E+000  0.00000000E+000  0.00000000E+000
 3662020   2  0.99596388E+000  0.99537321E+000  0.99489359E+000  0.99474399E+000  0.10000000E+001  0.10000000E+001  0.10000000E+001  0.10000000E+001
 3662020   2  0.72513366E-001  0.11131447E+001  0.73158663E+000  0.61711286E+000  0.00000000E+000  0.00000000E+000  0.00000000E+000  0.00000000E+000
 3662020   2  0.88546325E-002  0.13636001E+000  0.89974797E-001  0.75032202E-001  0.00000000E+000  0.00000000E+000  0.00000000E+000  0.00000000E+000
 3662020   2  0.12349687E-002  0.19028539E-001  0.12552771E-001  0.10467610E-001  0.00000000E+000  0.00000000E+000  0.00000000E+000  0.00000000E+000
 3662020   2  0.20128820E+000  0.98219761E-001
 3662020   2  0.41028336E+000  0.17778261E+000
 3662020   2  0.10257084E-001  0.44445654E-002
 3662020   2  0.10257084E-002  0.44445654E-003
 3662020   2  0.25100000E+006  0.10040000E+007  0.25100000E+007  0.25100000E+007  0.00000000E+000  0.00000000E+000  0.00000000E+000  0.00000000E+000
 3662020   2  0.00000000E+000  0.29942472E-001  0.99717856E-001  0.51627871E-001  0.00000000E+000  0.00000000E+000  0.00000000E+000  0.00000000E+000
 3662020   2  0.00000000E+000  0.67737057E-001  0.22558572E+000  0.11696059E+000  0.00000000E+000  0.00000000E+000  0.00000000E+000  0.00000000E+000
 3662020   2  0.00000000E+000  0.16934264E-002  0.56396430E-002  0.29240146E-002  0.00000000E+000  0.00000000E+000  0.00000000E+000  0.00000000E+000
 3662020   2  0.00000000E+000  0.16934264E-003  0.56396430E-003  0.29240146E-003  0.00000000E+000  0.00000000E+000  0.00000000E+000  0.00000000E+000
 3662020   2  0.44080503E-001  0.71129637E+000  0.34018876E+000  0.13050961E+000  0.00000000E+000  0.00000000E+000  0.00000000E+000  0.00000000E+000
 3662020   2  0.11020126E-002  0.17782409E-001  0.85047190E-002  0.32627403E-002  0.00000000E+000  0.00000000E+000  0.00000000E+000  0.00000000E+000
 3662020   2  0.11020126E-003  0.17782409E-002  0.85047190E-003  0.32627403E-003  0.00000000E+000  0.00000000E+000  0.00000000E+000  0.00000000E+000
 3662020   2  0.31083466E+002  0.50168334E+003  0.24006572E+003  0.92165077E+002  0.00000000E+000  0.00000000E+000  0.00000000E+000  0.00000000E+000
 3662020   2  0.25100000E+006  0.10040000E+007  0.25100000E+007  0.00000000E+000  0.00000000E+000  0.00000000E+000  0.00000000E+000  0.00000000E+000
 3662020   2  0.00000000E+000  0.29600680E-001  0.48619081E-001  0.00000000E+000  0.00000000E+000  0.00000000E+000  0.00000000E+000  0.00000000E+000
 3662020   2  0.00000000E+000  0.66963842E-001  0.11081877E+000  0.00000000E+000  0.00000000E+000  0.00000000E+000  0.00000000E+000  0.00000000E+000
 3662020   2  0.00000000E+000  0.16740960E-002  0.27704693E-002  0.00000000E+000  0.00000000E+000  0.00000000E+000  0.00000000E+000  0.00000000E+000
 3662020   2  0.00000000E+000  0.16740960E-003  0.27704693E-003  0.00000000E+000  0.00000000E+000  0.00000000E+000  0.00000000E+000  0.00000000E+000
 3662020   2  0.18684558E-001  0.25731046E+000  0.11818156E+000  0.00000000E+000  0.00000000E+000  0.00000000E+000  0.00000000E+000  0.00000000E+000
 3662020   2  0.46711394E-003  0.64327614E-002  0.29545390E-002  0.00000000E+000  0.00000000E+000  0.00000000E+000  0.00000000E+000  0.00000000E+000
 3662020   2  0.46711394E-004  0.64327614E-003  0.29545390E-003  0.00000000E+000  0.00000000E+000  0.00000000E+000  0.00000000E+000  0.00000000E+000
 3662020   2  0.13114343E+002  0.18046243E+003  0.82909574E+002  0.00000000E+000  0.00000000E+000  0.00000000E+000  0.00000000E+000  0.00000000E+000
 3662020   2 -0.30675415E+001 -0.28446794E+001 -0.26586583E+001 -0.15227437E+001 -0.10000000E-001 -0.10000000E-001 -0.10000000E-001 -0.10000000E-001
 3662020   2 -0.31617162E+001 -0.30659557E+001 -0.29571631E+001 -0.24419785E+001 -0.12600000E+001 -0.12600000E+001 -0.12600000E+001 -0.12600000E+001
 3662020   2  0.94174658E-001  0.22127628E+000  0.29850472E+000  0.91923487E+000  0.12500000E+001  0.12500000E+001  0.12500000E+001  0.12500000E+001
 3662020   2  0.00000000E+000  0.00000000E+000  0.00000000E+000  0.00000000E+000  0.00000000E+000  0.00000000E+000  0.00000000E+000  0.00000000E+000
 3662020   2  0.50200000E+006  0.20080000E+007  0.50200000E+007  0.25100000E+007  0.00000000E+000  0.00000000E+000  0.00000000E+000  0.00000000E+000
 3662020   2  0.81957112E-004  0.80306686E+001  0.29301507E+002  0.84238324E+001  0.00000000E+000  0.00000000E+000  0.00000000E+000  0.00000000E+000
 3662020   2  0.81957112E-002  0.20076671E+003  0.29301507E+003  0.84238324E+002  0.00000000E+000  0.00000000E+000  0.00000000E+000  0.00000000E+000
 3662020   2  0.25750925E-012  0.25232361E-007  0.92065334E-007  0.26467681E-007  0.00000000E+000  0.00000000E+000  0.00000000E+000  0.00000000E+000
 3662020   2  0.23175832E-011  0.22709125E-006  0.82858801E-006  0.23820913E-006  0.00000000E+000  0.00000000E+000  0.00000000E+000  0.00000000E+000
 3662020   2  0.50000000E-005  0.50000000E-005  0.50000000E-005  0.50000000E-005  0.50000000E-005  0.50000000E-005  0.50000000E-005  0.50000000E-005
 3662020   2  0.50000000E-005  0.50000000E-005  0.50000000E-005  0.50000000E-005  0.50000000E-005  0.50000000E-005  0.50000000E-005  0.50000000E-005
 3662020   2  0.25746827E-008  0.25228345E-003  0.92050684E-003  0.26463469E-003  0.00000000E+000  0.00000000E+000  0.00000000E+000  0.00000000E+000
 3662020   2  0.10000000E-002  0.15997348E-002  0.23347814E-002  0.13424434E-002  0.10000000E-002  0.10000000E-002  0.10000000E-002  0.10000000E-002
 3662020   2  0.83244841E-012  0.52727356E-005  0.17337166E-004  0.83037927E-005  0.00000000E+000  0.00000000E+000  0.00000000E+000  0.00000000E+000
 3662020   2 -0.83244841E-012 -0.52468878E-005 -0.17247877E-004 -0.82598668E-005  0.00000000E+000  0.00000000E+000  0.00000000E+000  0.00000000E+000
 3662020   2  0.83244841E-012  0.52468878E-005  0.17247877E-004  0.82598668E-005  0.00000000E+000  0.00000000E+000  0.00000000E+000  0.00000000E+000
 3662020   2  0.00000000E+000  0.00000000E+000  0.00000000E+000  0.00000000E+000  0.00000000E+000  0.00000000E+000  0.00000000E+000  0.00000000E+000
 3662020   2  0.00000000E+000  0.00000000E+000  0.00000000E+000  0.00000000E+000  0.00000000E+000  0.00000000E+000  0.00000000E+000  0.00000000E+000
 3662020   2  0.00000000E+000  0.00000000E+000  0.00000000E+000  0.00000000E+000  0.00000000E+000  0.00000000E+000  0.00000000E+000  0.00000000E+000
 3662020   2  0.00000000E+000  0.00000000E+000  0.00000000E+000  0.00000000E+000  0.00000000E+000  0.00000000E+000  0.00000000E+000  0.00000000E+000
 3662020   2  0.00000000E+000  0.00000000E+000  0.00000000E+000  0.00000000E+000  0.00000000E+000  0.00000000E+000  0.00000000E+000  0.00000000E+000
 3662020   2  0.14628077E-010  0.14399080E-005  0.59123796E-005  0.16788441E-005  0.00000000E+000  0.00000000E+000  0.00000000E+000  0.00000000E+000
 3662020   2  0.00000000E+000  0.00000000E+000  0.00000000E+000  0.00000000E+000  0.00000000E+000  0.00000000E+000  0.00000000E+000  0.00000000E+000
 3662020   2  0.00000000E+000  0.00000000E+000  0.00000000E+000  0.00000000E+000  0.00000000E+000  0.00000000E+000  0.00000000E+000  0.00000000E+000
 3662020   2  0.00000000E+000  0.00000000E+000  0.00000000E+000  0.00000000E+000  0.00000000E+000  0.00000000E+000  0.00000000E+000  0.00000000E+000
 3662020   2  0.00000000E+000  0.00000000E+000  0.00000000E+000  0.00000000E+000  0.00000000E+000  0.00000000E+000  0.00000000E+000  0.00000000E+000
 3662020   2  0.31834403E-006  0.11572008E-001  0.41557163E-001  0.11927498E-001  0.00000000E+000  0.00000000E+000  0.00000000E+000  0.00000000E+000
 3662020   2  0.36256093E-002  0.67170512E-001  0.79410161E-001  0.42618956E-001  0.00000000E+000  0.00000000E+000  0.00000000E+000  0.00000000E+000
 3662020   2  0.19896502E-007  0.72325050E-003  0.25973227E-002  0.74546863E-003  0.00000000E+000  0.00000000E+000  0.00000000E+000  0.00000000E+000
 3662020   2  0.21491906E-006  0.14120402E-004  0.45505960E-004  0.22180673E-004  0.00000000E+000  0.00000000E+000  0.00000000E+000  0.00000000E+000
 3662020   2  0.00000000E+000  0.45789330E-006  0.13939631E-005  0.43342392E-006  0.00000000E+000  0.00000000E+000  0.00000000E+000  0.00000000E+000
 3662020   2  0.00000000E+000  0.19116580E-005  0.69728394E-005  0.25030617E-005  0.00000000E+000  0.00000000E+000  0.00000000E+000  0.00000000E+000
 3662020   2  0.00000000E+000  0.56000666E-006  0.21333583E-005  0.88310506E-006  0.00000000E+000  0.00000000E+000  0.00000000E+000  0.00000000E+000
 3662020   2  0.00000000E+000  0.47050016E-007  0.14679063E-006  0.51597575E-007  0.00000000E+000  0.00000000E+000  0.00000000E+000  0.00000000E+000
 3662020   2  0.00000000E+000  0.33332907E-006  0.11052374E-005  0.43922243E-006  0.00000000E+000  0.00000000E+000  0.00000000E+000  0.00000000E+000
 3662020   2  0.00000000E+000  0.17354259E-005  0.73481631E-005  0.35946876E-005  0.00000000E+000  0.00000000E+000  0.00000000E+000  0.00000000E+000
 3662020   2  0.00000000E+000  0.00000000E+000  0.00000000E+000  0.00000000E+000  0.00000000E+000  0.00000000E+000  0.00000000E+000  0.00000000E+000
 3662020   2  0.00000000E+000  0.00000000E+000  0.00000000E+000  0.00000000E+000  0.00000000E+000  0.00000000E+000  0.00000000E+000  0.00000000E+000
 3662020   2  0.00000000E+000  0.99506549E+000  0.99481437E+000  0.99469810E+000  0.10000000E+001  0.10000000E+001  0.10000000E+001  0.10000000E+001
 3662020   2  0.36252909E-002  0.55598504E-001  0.37852997E-001  0.30691457E-001  0.00000000E+000  0.00000000E+000  0.00000000E+000  0.00000000E+000
 3662020   2  0.44429339E-003  0.68510518E-002  0.48259884E-002  0.38055187E-002  0.00000000E+000  0.00000000E+000  0.00000000E+000  0.00000000E+000
 3662020   2  0.61921123E-004  0.95574677E-003  0.67225904E-003  0.53009918E-003  0.00000000E+000  0.00000000E+000  0.00000000E+000  0.00000000E+000
 3662020   2  0.20000000E-001  0.20000000E-001
 3662020   2  0.00000000E+000  0.00000000E+000
 3662020   2  0.00000000E+000  0.00000000E+000
 3662020   2  0.00000000E+000  0.00000000E+000
 3662020   2  0.25100000E+006  0.10040000E+007  0.25100000E+007  0.25100000E+007  0.00000000E+000  0.00000000E+000  0.00000000E+000  0.00000000E+000
 3662020   2  0.00000000E+000  0.00000000E+000  0.00000000E+000  0.00000000E+000  0.00000000E+000  0.00000000E+000  0.00000000E+000  0.00000000E+000
 3662020   2  0.00000000E+000  0.00000000E+000  0.00000000E+000  0.00000000E+000  0.00000000E+000  0.00000000E+000  0.00000000E+000  0.00000000E+000
 3662020   2  0.00000000E+000  0.00000000E+000  0.00000000E+000  0.00000000E+000  0.00000000E+000  0.00000000E+000  0.00000000E+000  0.00000000E+000
 3662020   2  0.00000000E+000  0.00000000E+000  0.00000000E+000  0.00000000E+000  0.00000000E+000  0.00000000E+000  0.00000000E+000  0.00000000E+000
 3662020   2  0.17184840E-006  0.58771678E-002  0.32299120E-001  0.11927498E-001  0.00000000E+000  0.00000000E+000  0.00000000E+000  0.00000000E+000
 3662020   2  0.42962101E-008  0.14692920E-003  0.80747800E-003  0.29818745E-003  0.00000000E+000  0.00000000E+000  0.00000000E+000  0.00000000E+000
 3662020   2  0.42962101E-009  0.14692920E-004  0.80747800E-004  0.29818745E-004  0.00000000E+000  0.00000000E+000  0.00000000E+000  0.00000000E+000
 3662020   2  0.19977392E-001  0.16319343E+004  0.91207807E+004  0.33695330E+004  0.00000000E+000  0.00000000E+000  0.00000000E+000  0.00000000E+000
 3662020   2  0.25100000E+006  0.10040000E+007  0.25100000E+007  0.00000000E+000  0.00000000E+000  0.00000000E+000  0.00000000E+000  0.00000000E+000
 3662020   2  0.00000000E+000  0.00000000E+000  0.00000000E+000  0.00000000E+000  0.00000000E+000  0.00000000E+000  0.00000000E+000  0.00000000E+000
 3662020   2  0.00000000E+000  0.00000000E+000  0.00000000E+000  0.00000000E+000  0.00000000E+000  0.00000000E+000  0.00000000E+000  0.00000000E+000
 3662020   2  0.00000000E+000  0.00000000E+000  0.00000000E+000  0.00000000E+000  0.00000000E+000  0.00000000E+000  0.00000000E+000  0.00000000E+000
 3662020   2  0.00000000E+000  0.00000000E+000  0.00000000E+000  0.00000000E+000  0.00000000E+000  0.00000000E+000  0.00000000E+000  0.00000000E+000
 3662020   2  0.14649563E-006  0.56948403E-002  0.92580433E-002  0.00000000E+000  0.00000000E+000  0.00000000E+000  0.00000000E+000  0.00000000E+000
 3662020   2  0.36623908E-008  0.14237101E-003  0.23145108E-003  0.00000000E+000  0.00000000E+000  0.00000000E+000  0.00000000E+000  0.00000000E+000
 3662020   2  0.36623908E-009  0.14237101E-004  0.23145108E-004  0.00000000E+000  0.00000000E+000  0.00000000E+000  0.00000000E+000  0.00000000E+000
 3662020   2  0.12805453E-001  0.15803331E+004  0.25998220E+004  0.00000000E+000  0.00000000E+000  0.00000000E+000  0.00000000E+000  0.00000000E+000
 3662020   2  0.00000000E+000  0.00000000E+000  0.00000000E+000  0.00000000E+000  0.00000000E+000  0.00000000E+000  0.00000000E+000  0.00000000E+000
 3662020   2  0.00000000E+000  0.00000000E+000  0.00000000E+000  0.00000000E+000  0.00000000E+000  0.00000000E+000  0.00000000E+000  0.00000000E+000
 3662020   2  0.00000000E+000  0.00000000E+000  0.00000000E+000  0.00000000E+000  0.00000000E+000  0.00000000E+000  0.00000000E+000  0.00000000E+000
 3662020   2  0.00000000E+000  0.00000000E+000  0.00000000E+000  0.00000000E+000  0.00000000E+000  0.00000000E+000  0.00000000E+000  0.00000000E+000
 3662020   2  0.00000000E+000  0.00000000E+000  0.00000000E+000  0.00000000E+000  0.00000000E+000  0.00000000E+000  0.00000000E+000  0.00000000E+000
 3662020   2  0.00000000E+000  0.00000000E+000  0.00000000E+000  0.00000000E+000  0.00000000E+000  0.00000000E+000  0.00000000E+000  0.00000000E+000
