3 1 0 0 0 0 2 0 0 2 3.000000
45.0 9.5 0.0 12.5 500.0 0.0 0.125 0.0 405.0 0.025 0.0 0.70
0.150 0.075 0.150 0.075
0.013 0.009 -0.5 24.000000 24.000000 15.0 0.10
11 3.0 -1 0.25
0.00375 0.125 0.15
0.00 0.00 0.50 0.50 0.95 90.0 90.0
20.0 6.0 0.020 0.040 0.50E-04 0.0
2.0E-04 1.0E-04 0.10 0.10 1.0E+04 4.0E+08 5.0E-02 250.0 250.0
2.5E-02 0.40 0.0125
0.025000 0.35 0.030
5.0E-03 0.075 0.002
-1.25 -5.0 2.0E+03
7.2E-01 7.6E-01 8.0E-01 8.8E-01 7.6E-01 7.6E-01 9E-01 0.680000 7.2E-01
10.0E-02 2.5E-02 1.0E-02 2.0E-02 2.5E-02 2.5E-02 5.5E-02 2.5E-02 10.0E-02
10.0E-03 2.5E-03 1.0E-03 2.0E-03 2.5E-03 2.5E-03 5.5E-03 2.5E-03 10.0E-03
