-0.033,-1.5,0.2,5.33,400,10,1,0,0,0,0,0,0,1,1,1,8,0,2,0
0.01,0.05,0.15,0.25,0.55,0.65,1.35,2.0
1.320000052452087,1.320000052452087,1.320000052452087,1.360000014305114,1.360000014305114,1.360000014305114,1.4299999475479122,1.4299999475479122
0.3079999923706055,0.3079999923706055,0.3079999923706055,0.32099998474121094,0.32099998474121094,0.32099998474121094,0.315,0.315
0.175,0.175,0.175,0.19799999237060548,0.19799999237060548,0.19799999237060548,0.185,0.185
32.4,32.4,32.4,10.799999999999999,10.799999999999999,10.799999999999999,10.799999999999999,10.799999999999999
32.4,32.4,32.4,10.799999999999999,10.799999999999999,10.799999999999999,10.799999999999999,10.799999999999999
300.0,300.0,300.0,270.0,270.0,270.0,270.0,270.0
450.0,450.0,450.0,430.0,430.0,430.0,430.0,430.0
0.01,0.01,0.01,0.01,0.0,0.0,0.0,0.0
0,0,0,0,0,0,0,0
6.5,6.5,6.5,6.199999809265137,6.199999809265137,6.199999809265137,6.800000190734863,6.800000190734863
21.399999618530273,21.399999618530273,21.399999618530273,24.899999618530273,24.899999618530273,24.899999618530273,23.700000762939453,23.700000762939453
2.5,2.5,2.5,2.5,2.5,2.5,2.5,2.5
23.779999446868896,23.779999446868896,23.779999446868896,16.239999723434448,16.239999723434448,16.239999723434448,4.640000069141387,4.640000069141387
0,0,0,0,0,0,0,0
-1,-1,-1,-1,-1,-1,-1,-1
-1,-1,-1,-1,-1,-1,-1,-1
3,3,3,3,3,3,3,3
12,12,12,12,12,12,12,12
10,10,10,10,10,10,10,10
-1,-1,-1,-1,-1,-1,-1,-1
-1,-1,-1,-1,-1,-1,-1,-1
40,40,40,40,40,40,40,40
120,120,120,120,120,120,120,120
23,23,23,23,23,23,23,23
39,39,39,39,39,39,39,39
48,48,48,48,48,48,48,48
35,35,35,35,35,35,35,35
50,50,50,50,50,50,50,50
50,50,50,50,50,50,50,50
50,50,50,50,50,50,50,50
50,50,50,50,50,50,50,50
1000,1000,1000,1000,1000,1000,1000,1000
2000,2000,2000,2000,2000,2000,2000,2000
0,0,0,0,0,0,0,0
0,0,0,0,0,0,0,0
0.025,0.025,0.025,0.025,0.025,0.025,0.025,0.025
0.25,0.25,0.25,0.25,0.25,0.25,0.25,0.25
0.25,0.25,0.25,0.25,0.25,0.25,0.25,0.25
0.6,0.6,0.6,0.6,0.6,0.6,0.6,0.6
0.16,0.16,0.16,0.16,0.16,0.16,0.16,0.16
3,3,3,3,3,3,3,3
1,1,1,1,1,1,1,1
0,0,0,0,0,0,0,0
45,45,45,45,45,45,45,45
1.5,1.5,1.5,1.5,1.5,1.5,1.5,1.5
0.15,0.15,0.15,0.15,0.15,0.15,0.15,0.15
0,0,0,0,0,0,0,0
0,0,0,0,0,0,0,0
0,0,0,0,0,0,0,0
0,0,0,0,0,0,0,0
0,0,0,0,0,0,0,0
0,0,0,0,0,0,0,0
