    ORGN   365    24  1995     1     1  0.555869E+01  0.196899E+02  0.604331E+02  0.150586E+03  0.153556E+03  0.233618E+03  0.791643E+02  0.378893E+03  0.156198E+03  0.388129E+02  0.970406E+01
    ORGN   365    24  1996     1     1  0.213359E+01  0.196813E+02  0.590756E+02  0.147813E+03  0.151487E+03  0.231720E+03  0.785028E+02  0.377372E+03  0.155794E+03  0.387994E+02  0.970135E+01
    ORGN   365    24  1997     1     1  0.167857E+01  0.194891E+02  0.583028E+02  0.146161E+03  0.150158E+03  0.230443E+03  0.780498E+02  0.376347E+03  0.155490E+03  0.387954E+02  0.970113E+01
    ORGN   365    24  1998     1     1  0.376884E+01  0.198934E+02  0.579234E+02  0.144994E+03  0.149101E+03  0.229363E+03  0.776887E+02  0.375372E+03  0.155206E+03  0.387904E+02  0.970090E+01
    ORGN   365    24  1999     1     1  0.161781E+01  0.204468E+02  0.573136E+02  0.143827E+03  0.148059E+03  0.228317E+03  0.773479E+02  0.374432E+03  0.154943E+03  0.387867E+02  0.970155E+01
    ORGN   365    24  2000     1     1  0.279443E+01  0.205142E+02  0.568785E+02  0.142924E+03  0.147238E+03  0.227482E+03  0.770794E+02  0.373638E+03  0.154723E+03  0.387815E+02  0.970146E+01
    ORGN   365    24  2001     1     1  0.195258E+02  0.251670E+02  0.573193E+02  0.142580E+03  0.147049E+03  0.227396E+03  0.771660E+02  0.373748E+03  0.154559E+03  0.387784E+02  0.970169E+01
    ORGN   365    24  2002     1     1  0.419330E+01  0.258148E+02  0.578398E+02  0.141664E+03  0.146045E+03  0.226421E+03  0.767897E+02  0.372808E+03  0.154353E+03  0.387766E+02  0.970276E+01
    ORGN   365    24  2003     1     1  0.245245E+01  0.251354E+02  0.570694E+02  0.140715E+03  0.145239E+03  0.225595E+03  0.765131E+02  0.371925E+03  0.154174E+03  0.387724E+02  0.970329E+01
    ORGN   365    24  2004     1     1  0.119504E+01  0.248851E+02  0.564876E+02  0.139954E+03  0.144193E+03  0.224811E+03  0.762732E+02  0.371171E+03  0.154004E+03  0.387686E+02  0.970421E+01
    ORGN   365    24  2005     1     1  0.930362E+00  0.243605E+02  0.558686E+02  0.139051E+03  0.143457E+03  0.224053E+03  0.760239E+02  0.370362E+03  0.153828E+03  0.387646E+02  0.970532E+01
    ORGN   365    24  2006     1     1  0.784688E+00  0.242615E+02  0.554332E+02  0.138225E+03  0.142754E+03  0.223318E+03  0.757821E+02  0.369557E+03  0.153648E+03  0.387590E+02  0.970605E+01
    ORGN   365    24  2007     1     1  0.611038E+00  0.241461E+02  0.550645E+02  0.137397E+03  0.142053E+03  0.222591E+03  0.755493E+02  0.368787E+03  0.153476E+03  0.387533E+02  0.970667E+01
    ORGN   365    24  2008     1     1  0.114418E+01  0.218160E+02  0.578773E+02  0.136863E+03  0.141526E+03  0.222037E+03  0.753501E+02  0.368184E+03  0.153333E+03  0.387485E+02  0.970737E+01
    ORGN   365    24  2009     1     1  0.270511E+01  0.208900E+02  0.605690E+02  0.136455E+03  0.141037E+03  0.221507E+03  0.751840E+02  0.367585E+03  0.153194E+03  0.387433E+02  0.970770E+01
    ORGN   365    24  2010     1     1  0.192402E+01  0.200534E+02  0.619562E+02  0.135913E+03  0.140390E+03  0.220851E+03  0.749537E+02  0.366902E+03  0.153039E+03  0.387378E+02  0.970860E+01
    ORGN   365    24  2011     1     1  0.317416E+00  0.160486E+02  0.582253E+02  0.140552E+03  0.141887E+03  0.220165E+03  0.747267E+02  0.366179E+03  0.152883E+03  0.387327E+02  0.970995E+01
    ORGN   365    24  2012     1     1  0.142259E+01  0.158844E+02  0.587318E+02  0.139623E+03  0.140750E+03  0.219497E+03  0.745120E+02  0.365447E+03  0.152721E+03  0.387264E+02  0.971032E+01
    ORGN   365    24  2013     1     1  0.145662E+01  0.163241E+02  0.595683E+02  0.139214E+03  0.139811E+03  0.218929E+03  0.743248E+02  0.364819E+03  0.152575E+03  0.387203E+02  0.971068E+01
    ORGN   365    24  2014     1     1  0.248324E+00  0.148450E+02  0.572527E+02  0.140621E+03  0.140719E+03  0.218363E+03  0.741408E+02  0.364219E+03  0.152434E+03  0.387161E+02  0.971191E+01
    ORGN   365    24  2015     1     1  0.457017E+00  0.144143E+02  0.565595E+02  0.140539E+03  0.140560E+03  0.217759E+03  0.739382E+02  0.363545E+03  0.152284E+03  0.387104E+02  0.971311E+01
    ORGN   365    24  2016     1     1  0.114555E+02  0.184115E+02  0.617113E+02  0.139763E+03  0.139756E+03  0.217518E+03  0.739292E+02  0.363709E+03  0.152154E+03  0.387046E+02  0.971409E+01
    ORGN   365    24  2017     1     1  0.190803E+01  0.177066E+02  0.602613E+02  0.138608E+03  0.138264E+03  0.216685E+03  0.736785E+02  0.362867E+03  0.151997E+03  0.386986E+02  0.971572E+01
    ORGN   365    24  2018     1     1  0.830548E+00  0.152241E+02  0.573141E+02  0.140418E+03  0.140295E+03  0.216046E+03  0.734515E+02  0.362111E+03  0.151863E+03  0.386925E+02  0.971650E+01
    ORGN   365    24  2019     1     1  0.428585E+00  0.148838E+02  0.568557E+02  0.138828E+03  0.138686E+03  0.215494E+03  0.732453E+02  0.361417E+03  0.151736E+03  0.386887E+02  0.971804E+01
    ORGN   365    24  2020     1     1  0.325705E+00  0.147731E+02  0.565028E+02  0.137457E+03  0.137271E+03  0.214824E+03  0.730213E+02  0.360663E+03  0.151590E+03  0.386819E+02  0.971863E+01
    ORGN   365    24  2021     1     1  0.208698E+00  0.146967E+02  0.562792E+02  0.136363E+03  0.136093E+03  0.214115E+03  0.727878E+02  0.359851E+03  0.151428E+03  0.386742E+02  0.971916E+01
    ORGN   365    24  2022     1     1  0.961809E-01  0.145074E+02  0.560155E+02  0.135470E+03  0.135120E+03  0.213447E+03  0.725732E+02  0.359147E+03  0.151280E+03  0.386678E+02  0.972025E+01
