    ORGC   365    24  1995     1     1  0.111079E+03  0.254337E+03  0.731508E+03  0.178286E+04  0.180578E+04  0.228325E+04  0.784579E+03  0.335332E+04  0.127933E+04  0.310825E+03  0.776894E+02
    ORGC   365    24  1996     1     1  0.425228E+02  0.257765E+03  0.719246E+03  0.175436E+04  0.178332E+04  0.226516E+04  0.776474E+03  0.334020E+04  0.127433E+04  0.310807E+03  0.776768E+02
    ORGC   365    24  1997     1     1  0.403442E+02  0.254790E+03  0.708925E+03  0.173547E+04  0.176807E+04  0.225206E+04  0.770874E+03  0.333041E+04  0.127047E+04  0.310832E+03  0.776785E+02
    ORGC   365    24  1998     1     1  0.133681E+03  0.262807E+03  0.709817E+03  0.172593E+04  0.175643E+04  0.224135E+04  0.766553E+03  0.332149E+04  0.126707E+04  0.310830E+03  0.776784E+02
    ORGC   365    24  1999     1     1  0.314329E+02  0.267586E+03  0.696461E+03  0.170861E+04  0.174322E+04  0.222974E+04  0.762221E+03  0.331200E+04  0.126390E+04  0.310830E+03  0.776844E+02
    ORGC   365    24  2000     1     1  0.848422E+02  0.271546E+03  0.695234E+03  0.170110E+04  0.173400E+04  0.222165E+04  0.759348E+03  0.330491E+04  0.126147E+04  0.310812E+03  0.776842E+02
    ORGC   365    24  2001     1     1  0.309641E+03  0.330971E+03  0.699323E+03  0.169582E+04  0.173174E+04  0.222599E+04  0.760824E+03  0.331932E+04  0.125975E+04  0.310810E+03  0.776863E+02
    ORGC   365    24  2002     1     1  0.584374E+02  0.331641E+03  0.701366E+03  0.168171E+04  0.171825E+04  0.221116E+04  0.755442E+03  0.330248E+04  0.125737E+04  0.310814E+03  0.776951E+02
    ORGC   365    24  2003     1     1  0.547270E+02  0.330310E+03  0.696825E+03  0.167216E+04  0.170898E+04  0.220244E+04  0.752554E+03  0.329265E+04  0.125549E+04  0.310796E+03  0.776994E+02
    ORGC   365    24  2004     1     1  0.158037E+02  0.328610E+03  0.687888E+03  0.166190E+04  0.170055E+04  0.219468E+04  0.749862E+03  0.328477E+04  0.125374E+04  0.310781E+03  0.777069E+02
    ORGC   365    24  2005     1     1  0.197613E+02  0.322147E+03  0.680972E+03  0.165092E+04  0.169168E+04  0.218682E+04  0.747136E+03  0.327652E+04  0.125192E+04  0.310762E+03  0.777159E+02
    ORGC   365    24  2006     1     1  0.177619E+02  0.321896E+03  0.676272E+03  0.164106E+04  0.168328E+04  0.217932E+04  0.744540E+03  0.326856E+04  0.125012E+04  0.310727E+03  0.777219E+02
    ORGC   365    24  2007     1     1  0.140099E+02  0.320495E+03  0.672273E+03  0.163095E+04  0.167467E+04  0.217167E+04  0.742033E+03  0.326098E+04  0.124839E+04  0.310691E+03  0.777269E+02
    ORGC   365    24  2008     1     1  0.373048E+02  0.288238E+03  0.722678E+03  0.162588E+04  0.166882E+04  0.216665E+04  0.740473E+03  0.325586E+04  0.124703E+04  0.310664E+03  0.777326E+02
    ORGC   365    24  2009     1     1  0.551958E+02  0.277748E+03  0.766625E+03  0.162275E+04  0.166341E+04  0.216194E+04  0.738905E+03  0.325106E+04  0.124573E+04  0.310632E+03  0.777353E+02
    ORGC   365    24  2010     1     1  0.526072E+02  0.268800E+03  0.792590E+03  0.161675E+04  0.165505E+04  0.215514E+04  0.736715E+03  0.324482E+04  0.124424E+04  0.310596E+03  0.777426E+02
    ORGC   365    24  2011     1     1  0.721554E+01  0.201881E+03  0.711123E+03  0.168880E+04  0.170042E+04  0.214802E+04  0.734228E+03  0.323776E+04  0.124275E+04  0.310562E+03  0.777537E+02
    ORGC   365    24  2012     1     1  0.574049E+02  0.205573E+03  0.738336E+03  0.167947E+04  0.168046E+04  0.214166E+04  0.732111E+03  0.323126E+04  0.124122E+04  0.310518E+03  0.777567E+02
    ORGC   365    24  2013     1     1  0.427064E+02  0.211799E+03  0.747602E+03  0.167259E+04  0.166762E+04  0.213609E+04  0.730320E+03  0.322560E+04  0.123987E+04  0.310476E+03  0.777596E+02
    ORGC   365    24  2014     1     1  0.592183E+01  0.183543E+03  0.695011E+03  0.169417E+04  0.169282E+04  0.213037E+04  0.728254E+03  0.321995E+04  0.123857E+04  0.310448E+03  0.777697E+02
    ORGC   365    24  2015     1     1  0.160687E+02  0.176965E+03  0.687020E+03  0.170147E+04  0.170068E+04  0.212471E+04  0.726327E+03  0.321400E+04  0.123720E+04  0.310409E+03  0.777795E+02
    ORGC   365    24  2016     1     1  0.153510E+03  0.230086E+03  0.753090E+03  0.168024E+04  0.167895E+04  0.212353E+04  0.728215E+03  0.322768E+04  0.123607E+04  0.310370E+03  0.777876E+02
    ORGC   365    24  2017     1     1  0.247761E+02  0.216812E+03  0.724816E+03  0.166223E+04  0.165774E+04  0.211400E+04  0.723881E+03  0.321382E+04  0.123465E+04  0.310326E+03  0.778010E+02
    ORGC   365    24  2018     1     1  0.236053E+02  0.187879E+03  0.697255E+03  0.170262E+04  0.170064E+04  0.210792E+04  0.721513E+03  0.320552E+04  0.123346E+04  0.310283E+03  0.778074E+02
    ORGC   365    24  2019     1     1  0.110224E+02  0.183416E+03  0.688574E+03  0.166961E+04  0.166747E+04  0.210237E+04  0.719148E+03  0.319814E+04  0.123233E+04  0.310257E+03  0.778201E+02
    ORGC   365    24  2020     1     1  0.931720E+01  0.182793E+03  0.685856E+03  0.165194E+04  0.164902E+04  0.209572E+04  0.716700E+03  0.319058E+04  0.123102E+04  0.310207E+03  0.778249E+02
    ORGC   365    24  2021     1     1  0.475613E+01  0.181621E+03  0.684295E+03  0.163896E+04  0.163467E+04  0.208853E+04  0.714201E+03  0.318257E+04  0.122955E+04  0.310147E+03  0.778293E+02
    ORGC   365    24  2022     1     1  0.241119E+01  0.179044E+03  0.680148E+03  0.162760E+04  0.162247E+04  0.208167E+04  0.711931E+03  0.317577E+04  0.122824E+04  0.310099E+03  0.778382E+02
