-0.033,-1.5,0.2,5.33,400,10,1,0,0,0,0,0,0,1,1,1,8,0,2,0
0.01,0.05,0.15,0.25,0.55,0.65,1.35,2.0
1.600000023841858,1.600000023841858,1.600000023841858,1.600000023841858,1.649999976158142,1.649999976158142,1.649999976158142,1.649999976158142
0.12899999618530272,0.12899999618530272,0.12899999618530272,0.12899999618530272,0.085,0.085,0.04300000190734863,0.04199999809265137
0.05699999809265137,0.05699999809265137,0.05699999809265137,0.05699999809265137,0.049000000953674315,0.049000000953674315,0.024000000953674314,0.024000000953674314
331.2,331.2,331.2,331.2,1015.1999999999999,1015.1999999999999,1015.1999999999999,1015.1999999999999
331.2,331.2,331.2,331.2,1015.1999999999999,1015.1999999999999,1015.1999999999999,1015.1999999999999
800.0,800.0,800.0,800.0,900.0,900.0,950.0,950.0
140.0,140.0,140.0,140.0,50.0,50.0,20.0,20.0
0.01,0.01,0.01,0.01,0.0,0.0,0.0,0.0
0,0,0,0,0,0,0,0
5.400000095367432,5.400000095367432,5.400000095367432,5.400000095367432,6.0,6.0,8.100000381469727,8.100000381469727
6.199999809265137,6.199999809265137,6.199999809265137,6.199999809265137,5.199999809265137,5.199999809265137,5.0,5.0
2.5,2.5,2.5,2.5,2.5,2.5,2.5,2.5
11.6,11.6,11.6,11.6,4.640000069141387,4.640000069141387,2.9,1.1600000172853455
0,0,0,0,0,0,0,0
-1,-1,-1,-1,-1,-1,-1,-1
-1,-1,-1,-1,-1,-1,-1,-1
3,3,3,3,3,3,3,3
12,12,12,12,12,12,12,12
10,10,10,10,10,10,10,10
-1,-1,-1,-1,-1,-1,-1,-1
-1,-1,-1,-1,-1,-1,-1,-1
40,40,40,40,40,40,40,40
120,120,120,120,120,120,120,120
23,23,23,23,23,23,23,23
39,39,39,39,39,39,39,39
48,48,48,48,48,48,48,48
35,35,35,35,35,35,35,35
50,50,50,50,50,50,50,50
50,50,50,50,50,50,50,50
50,50,50,50,50,50,50,50
50,50,50,50,50,50,50,50
1000,1000,1000,1000,1000,1000,1000,1000
2000,2000,2000,2000,2000,2000,2000,2000
0,0,0,0,0,0,0,0
0,0,0,0,0,0,0,0
0.025,0.025,0.025,0.025,0.025,0.025,0.025,0.025
0.25,0.25,0.25,0.25,0.25,0.25,0.25,0.25
0.25,0.25,0.25,0.25,0.25,0.25,0.25,0.25
0.6,0.6,0.6,0.6,0.6,0.6,0.6,0.6
0.16,0.16,0.16,0.16,0.16,0.16,0.16,0.16
3,3,3,3,3,3,3,3
1,1,1,1,1,1,1,1
0,0,0,0,0,0,0,0
45,45,45,45,45,45,45,45
1.5,1.5,1.5,1.5,1.5,1.5,1.5,1.5
0.15,0.15,0.15,0.15,0.15,0.15,0.15,0.15
0,0,0,0,0,0,0,0
0,0,0,0,0,0,0,0
0,0,0,0,0,0,0,0
0,0,0,0,0,0,0,0
0,0,0,0,0,0,0,0
0,0,0,0,0,0,0,0
