    ORGN   365    24  1995     1     1  0.127762E+02  0.312028E+02  0.943164E+02  0.233809E+03  0.237674E+03  0.256338E+03  0.866076E+02  0.357058E+03  0.165944E+03  0.411849E+02  0.103174E+02
    ORGN   365    24  1996     1     1  0.150767E+02  0.351631E+02  0.929691E+02  0.229510E+03  0.234603E+03  0.254406E+03  0.859565E+02  0.355704E+03  0.165410E+03  0.411679E+02  0.103117E+02
    ORGN   365    24  1997     1     1  0.152230E+02  0.373398E+02  0.925116E+02  0.227555E+03  0.233371E+03  0.253710E+03  0.858977E+02  0.354984E+03  0.165626E+03  0.411600E+02  0.103098E+02
    ORGN   365    24  1998     1     1  0.117807E+02  0.407483E+02  0.913246E+02  0.223990E+03  0.230675E+03  0.252073E+03  0.853151E+02  0.353532E+03  0.165094E+03  0.411555E+02  0.103091E+02
    ORGN   365    24  1999     1     1  0.192334E+02  0.400358E+02  0.906137E+02  0.222279E+03  0.229494E+03  0.251375E+03  0.852393E+02  0.352936E+03  0.165260E+03  0.411505E+02  0.103089E+02
    ORGN   365    24  2000     1     1  0.156772E+02  0.450109E+02  0.894950E+02  0.219451E+03  0.227294E+03  0.250042E+03  0.847962E+02  0.351788E+03  0.164790E+03  0.411457E+02  0.103087E+02
    ORGN   365    24  2001     1     1  0.134035E+02  0.482554E+02  0.897810E+02  0.218019E+03  0.226287E+03  0.249468E+03  0.846972E+02  0.351199E+03  0.164954E+03  0.411412E+02  0.103087E+02
    ORGN   365    24  2002     1     1  0.166350E+02  0.496262E+02  0.889218E+02  0.215504E+03  0.224194E+03  0.248188E+03  0.843526E+02  0.350057E+03  0.164522E+03  0.411371E+02  0.103089E+02
    ORGN   365    24  2003     1     1  0.149841E+02  0.531900E+02  0.893498E+02  0.214451E+03  0.223462E+03  0.247855E+03  0.843694E+02  0.349618E+03  0.164694E+03  0.411331E+02  0.103090E+02
    ORGN   365    24  2004     1     1  0.173591E+02  0.545274E+02  0.883629E+02  0.211814E+03  0.221275E+03  0.246551E+03  0.838271E+02  0.348564E+03  0.165465E+03  0.411300E+02  0.103094E+02
    ORGN   365    24  2005     1     1  0.188383E+02  0.539451E+02  0.865909E+02  0.209416E+03  0.219419E+03  0.245352E+03  0.833643E+02  0.347555E+03  0.164591E+03  0.411259E+02  0.103095E+02
    ORGN   365    24  2006     1     1  0.152767E+02  0.587226E+02  0.873914E+02  0.208444E+03  0.218701E+03  0.244957E+03  0.834197E+02  0.347131E+03  0.164539E+03  0.411213E+02  0.103096E+02
    ORGN   365    24  2007     1     1  0.138239E+02  0.589672E+02  0.864035E+02  0.205870E+03  0.216535E+03  0.243683E+03  0.829090E+02  0.346032E+03  0.163971E+03  0.411168E+02  0.103101E+02
    ORGN   365    24  2008     1     1  0.892608E+01  0.525655E+02  0.994879E+02  0.205419E+03  0.215798E+03  0.243317E+03  0.829016E+02  0.345568E+03  0.164077E+03  0.411118E+02  0.103103E+02
    ORGN   365    24  2009     1     1  0.133584E+02  0.540420E+02  0.962153E+02  0.203893E+03  0.214113E+03  0.242306E+03  0.826438E+02  0.344633E+03  0.163685E+03  0.411085E+02  0.103112E+02
    ORGN   365    24  2010     1     1  0.128239E+02  0.553105E+02  0.948162E+02  0.202227E+03  0.213150E+03  0.241798E+03  0.824834E+02  0.344001E+03  0.163678E+03  0.411026E+02  0.103113E+02
    ORGN   365    24  2011     1     1  0.120336E+02  0.577555E+02  0.936154E+02  0.199641E+03  0.211060E+03  0.240489E+03  0.824243E+02  0.342941E+03  0.163247E+03  0.410964E+02  0.103117E+02
    ORGN   365    24  2012     1     1  0.153513E+02  0.532188E+02  0.108240E+03  0.200624E+03  0.211663E+03  0.241363E+03  0.831689E+02  0.343330E+03  0.164342E+03  0.410890E+02  0.103118E+02
    ORGN   365    24  2013     1     1  0.189814E+02  0.530229E+02  0.102005E+03  0.198161E+03  0.209157E+03  0.239578E+03  0.819999E+02  0.342172E+03  0.163598E+03  0.410844E+02  0.103118E+02
    ORGN   365    24  2014     1     1  0.679526E+01  0.324515E+02  0.956843E+02  0.222836E+03  0.225914E+03  0.239706E+03  0.819872E+02  0.341782E+03  0.163535E+03  0.410798E+02  0.103118E+02
    ORGN   365    24  2015     1     1  0.109774E+02  0.348034E+02  0.927884E+02  0.216225E+03  0.219176E+03  0.239142E+03  0.814478E+02  0.340792E+03  0.163097E+03  0.410746E+02  0.103120E+02
    ORGN   365    24  2016     1     1  0.809985E+01  0.349325E+02  0.987920E+02  0.213328E+03  0.216103E+03  0.238372E+03  0.814300E+02  0.340202E+03  0.163153E+03  0.410685E+02  0.103121E+02
    ORGN   365    24  2017     1     1  0.133614E+02  0.376182E+02  0.955148E+02  0.210161E+03  0.212860E+03  0.236915E+03  0.809986E+02  0.339076E+03  0.162730E+03  0.410627E+02  0.103125E+02
    ORGN   365    24  2018     1     1  0.144451E+02  0.407235E+02  0.951669E+02  0.208390E+03  0.211307E+03  0.236401E+03  0.808745E+02  0.338642E+03  0.162801E+03  0.410560E+02  0.103124E+02
    ORGN   365    24  2019     1     1  0.158422E+02  0.425051E+02  0.941260E+02  0.205618E+03  0.208758E+03  0.235315E+03  0.804718E+02  0.337699E+03  0.162439E+03  0.410503E+02  0.103128E+02
    ORGN   365    24  2020     1     1  0.155183E+02  0.439933E+02  0.922787E+02  0.203063E+03  0.206517E+03  0.234187E+03  0.800058E+02  0.336802E+03  0.162864E+03  0.410441E+02  0.103133E+02
    ORGN   365    24  2021     1     1  0.101266E+02  0.424106E+02  0.102494E+03  0.202530E+03  0.205279E+03  0.233775E+03  0.801036E+02  0.336356E+03  0.162651E+03  0.410383E+02  0.103134E+02
    ORGN   365    24  2022     1     1  0.153614E+02  0.437359E+02  0.983204E+02  0.200350E+03  0.203070E+03  0.232730E+03  0.798080E+02  0.335438E+03  0.162143E+03  0.410324E+02  0.103135E+02
