    ORGC   365    24  1995     1     1  0.420149E+03  0.480202E+03  0.129935E+04  0.316033E+04  0.319128E+04  0.261992E+04  0.897184E+03  0.316548E+04  0.136218E+04  0.329855E+03  0.826159E+02
    ORGC   365    24  1996     1     1  0.109744E+03  0.480309E+03  0.127126E+04  0.310062E+04  0.314719E+04  0.259569E+04  0.886036E+03  0.315040E+04  0.135382E+04  0.329850E+03  0.825919E+02
    ORGC   365    24  1997     1     1  0.427355E+03  0.558897E+03  0.127637E+04  0.308740E+04  0.314163E+04  0.259869E+04  0.891662E+03  0.315052E+04  0.136299E+04  0.329866E+03  0.825832E+02
    ORGC   365    24  1998     1     1  0.962846E+02  0.559731E+03  0.124815E+04  0.302791E+04  0.309550E+04  0.257150E+04  0.878370E+03  0.313221E+04  0.135244E+04  0.329909E+03  0.825807E+02
    ORGC   365    24  1999     1     1  0.483654E+03  0.569671E+03  0.124852E+04  0.301531E+04  0.308843E+04  0.257291E+04  0.882823E+03  0.313246E+04  0.136022E+04  0.329925E+03  0.825800E+02
    ORGC   365    24  2000     1     1  0.118530E+03  0.619172E+03  0.122664E+04  0.296961E+04  0.305203E+04  0.255198E+04  0.872737E+03  0.311775E+04  0.135108E+04  0.329948E+03  0.825791E+02
    ORGC   365    24  2001     1     1  0.323012E+03  0.709571E+03  0.123916E+04  0.295789E+04  0.304496E+04  0.255310E+04  0.875740E+03  0.311698E+04  0.135807E+04  0.329964E+03  0.825798E+02
    ORGC   365    24  2002     1     1  0.118958E+03  0.691072E+03  0.122107E+04  0.291704E+04  0.301116E+04  0.253401E+04  0.868082E+03  0.310313E+04  0.134966E+04  0.329987E+03  0.825812E+02
    ORGC   365    24  2003     1     1  0.378143E+03  0.793909E+03  0.123743E+04  0.291066E+04  0.300875E+04  0.253992E+04  0.874854E+03  0.310529E+04  0.135944E+04  0.330011E+03  0.825821E+02
    ORGC   365    24  2004     1     1  0.114360E+03  0.769717E+03  0.121636E+04  0.286854E+04  0.297316E+04  0.251921E+04  0.864173E+03  0.309237E+04  0.135120E+04  0.330046E+03  0.825860E+02
    ORGC   365    24  2005     1     1  0.783146E+02  0.756503E+03  0.119413E+04  0.283799E+04  0.294898E+04  0.250572E+04  0.858515E+03  0.308272E+04  0.134572E+04  0.330043E+03  0.825864E+02
    ORGC   365    24  2006     1     1  0.311775E+03  0.863457E+03  0.121057E+04  0.283141E+04  0.294542E+04  0.250930E+04  0.864628E+03  0.308414E+04  0.135466E+04  0.330040E+03  0.825875E+02
    ORGC   365    24  2007     1     1  0.978914E+02  0.828212E+03  0.118762E+04  0.278833E+04  0.290969E+04  0.248949E+04  0.854699E+03  0.306941E+04  0.134561E+04  0.330046E+03  0.825913E+02
    ORGC   365    24  2008     1     1  0.266023E+03  0.790664E+03  0.143948E+04  0.279525E+04  0.290730E+04  0.249489E+04  0.859714E+03  0.307094E+04  0.135479E+04  0.330046E+03  0.825934E+02
    ORGC   365    24  2009     1     1  0.736908E+02  0.763804E+03  0.133794E+04  0.276449E+04  0.287907E+04  0.247877E+04  0.853433E+03  0.305938E+04  0.134682E+04  0.330070E+03  0.826005E+02
    ORGC   365    24  2010     1     1  0.400826E+03  0.824409E+03  0.132449E+04  0.274834E+04  0.287075E+04  0.248015E+04  0.855358E+03  0.305830E+04  0.135209E+04  0.330065E+03  0.826011E+02
    ORGC   365    24  2011     1     1  0.967799E+02  0.819860E+03  0.130156E+04  0.270882E+04  0.283810E+04  0.246074E+04  0.847635E+03  0.304495E+04  0.134396E+04  0.330058E+03  0.826043E+02
    ORGC   365    24  2012     1     1  0.240765E+03  0.764745E+03  0.152167E+04  0.272600E+04  0.284916E+04  0.247479E+04  0.861229E+03  0.305087E+04  0.135550E+04  0.330022E+03  0.826051E+02
    ORGC   365    24  2013     1     1  0.975243E+02  0.738866E+03  0.142028E+04  0.268962E+04  0.281300E+04  0.245314E+04  0.847762E+03  0.303950E+04  0.134673E+04  0.330019E+03  0.826053E+02
    ORGC   365    24  2014     1     1  0.169936E+03  0.460069E+03  0.134342E+04  0.310457E+04  0.313294E+04  0.247082E+04  0.856173E+03  0.304457E+04  0.135411E+04  0.330014E+03  0.826052E+02
    ORGC   365    24  2015     1     1  0.643869E+02  0.469743E+03  0.127502E+04  0.294650E+04  0.297880E+04  0.245465E+04  0.843806E+03  0.302997E+04  0.134580E+04  0.330011E+03  0.826071E+02
    ORGC   365    24  2016     1     1  0.237441E+03  0.516233E+03  0.140869E+04  0.291940E+04  0.294629E+04  0.245370E+04  0.848993E+03  0.302959E+04  0.135322E+04  0.330003E+03  0.826080E+02
    ORGC   365    24  2017     1     1  0.820023E+02  0.511901E+03  0.131668E+04  0.286920E+04  0.289868E+04  0.243294E+04  0.840401E+03  0.301568E+04  0.134448E+04  0.330003E+03  0.826112E+02
    ORGC   365    24  2018     1     1  0.352447E+03  0.607076E+03  0.132142E+04  0.285320E+04  0.288458E+04  0.243601E+04  0.843966E+03  0.301768E+04  0.135297E+04  0.329980E+03  0.826112E+02
    ORGC   365    24  2019     1     1  0.969802E+02  0.594053E+03  0.129825E+04  0.280681E+04  0.284261E+04  0.241795E+04  0.834547E+03  0.300480E+04  0.134441E+04  0.329975E+03  0.826145E+02
    ORGC   365    24  2020     1     1  0.649676E+02  0.597980E+03  0.127313E+04  0.277187E+04  0.281141E+04  0.240577E+04  0.829572E+03  0.299675E+04  0.134004E+04  0.329950E+03  0.826182E+02
    ORGC   365    24  2021     1     1  0.229491E+03  0.625730E+03  0.144820E+04  0.277222E+04  0.279976E+04  0.240896E+04  0.837112E+03  0.299747E+04  0.134744E+04  0.329921E+03  0.826196E+02
    ORGC   365    24  2022     1     1  0.901387E+02  0.602674E+03  0.135596E+04  0.272986E+04  0.276231E+04  0.239287E+04  0.829209E+03  0.298597E+04  0.134045E+04  0.329899E+03  0.826206E+02
