-0.033,-1.5,0.2,5.33,400,10,1,0,0,0,0,0,0,1,1,1,8,0,2,0
0.01,0.05,0.15,0.25,0.55,0.65,1.35,2.0
1.399999976158142,1.399999976158142,1.399999976158142,1.399999976158142,1.5,1.5,1.5499999523162842,1.75
0.34099998474121096,0.34099998474121096,0.34099998474121096,0.34099998474121096,0.3320000076293945,0.3320000076293945,0.31,0.29600000381469727
0.22600000381469726,0.22600000381469726,0.22600000381469726,0.22600000381469726,0.27299999237060546,0.27299999237060546,0.23700000762939452,0.215
10.151999759674071,10.151999759674071,10.151999759674071,10.151999759674071,3.3120000600814805,3.3120000600814805,3.3120000600814805,1.0080000042915311
10.151999759674071,10.151999759674071,10.151999759674071,10.151999759674071,3.3120000600814805,3.3120000600814805,3.3120000600814805,1.0080000042915311
80.0,80.0,80.0,80.0,70.0,70.0,70.0,80.0
600.0,600.0,600.0,600.0,450.0,450.0,500.0,500.0
0.01,0.01,0.01,0.01,0.0,0.0,0.0,0.0
0,0,0,0,0,0,0,0
6.199999809265137,6.199999809265137,6.199999809265137,6.199999809265137,6.599999904632568,6.599999904632568,8.199999809265137,8.399999618530273
25.0,25.0,25.0,25.0,25.0,25.0,17.0,14.0
2.5,2.5,2.5,2.5,2.5,2.5,2.5,2.5
23.2,23.2,23.2,23.2,5.8,5.8,2.9,1.1600000172853455
0,0,0,0,0,0,0,0
-1,-1,-1,-1,-1,-1,-1,-1
-1,-1,-1,-1,-1,-1,-1,-1
3,3,3,3,3,3,3,3
12,12,12,12,12,12,12,12
10,10,10,10,10,10,10,10
-1,-1,-1,-1,-1,-1,-1,-1
-1,-1,-1,-1,-1,-1,-1,-1
40,40,40,40,40,40,40,40
120,120,120,120,120,120,120,120
23,23,23,23,23,23,23,23
39,39,39,39,39,39,39,39
48,48,48,48,48,48,48,48
35,35,35,35,35,35,35,35
50,50,50,50,50,50,50,50
50,50,50,50,50,50,50,50
50,50,50,50,50,50,50,50
50,50,50,50,50,50,50,50
1000,1000,1000,1000,1000,1000,1000,1000
2000,2000,2000,2000,2000,2000,2000,2000
0,0,0,0,0,0,0,0
0,0,0,0,0,0,0,0
0.025,0.025,0.025,0.025,0.025,0.025,0.025,0.025
0.25,0.25,0.25,0.25,0.25,0.25,0.25,0.25
0.25,0.25,0.25,0.25,0.25,0.25,0.25,0.25
0.6,0.6,0.6,0.6,0.6,0.6,0.6,0.6
0.16,0.16,0.16,0.16,0.16,0.16,0.16,0.16
3,3,3,3,3,3,3,3
1,1,1,1,1,1,1,1
0,0,0,0,0,0,0,0
45,45,45,45,45,45,45,45
1.5,1.5,1.5,1.5,1.5,1.5,1.5,1.5
0.15,0.15,0.15,0.15,0.15,0.15,0.15,0.15
0,0,0,0,0,0,0,0
0,0,0,0,0,0,0,0
0,0,0,0,0,0,0,0
0,0,0,0,0,0,0,0
0,0,0,0,0,0,0,0
0,0,0,0,0,0,0,0
