 3651997   2  0.47295972E+001  0.00000000E+000  0.14405686E-003 -0.54802117E+001  0.97695538E+001  0.46642677E+001  0.36132750E+001  0.62642072E+000  0.71950115E-001  0.33345111E+001  0.13297565E+001  0.21991549E+000  0.12095352E+000  0.17409976E-001  0.17409976E-001
  0.00000000E+000  0.00000000E+000  0.51262683E+001  0.28079689E+000  0.28079689E-001  0.20402070E-001  0.20000000E-001  0.41400000E+003  0.24000000E+002  0.11882525E+001  0.10452643E+000
 3651997   2  0.47295972E+001
 3651997   2  0.38131834E+000
 3651997   2  0.47439877E-001
 3651997   2  0.00000000E+000
 3651997   2  0.00000000E+000
 3651997   2  0.00000000E+000
 3651997   2  0.97695538E+001
 3651997   2  0.33345111E+001
 3651997   2  0.00000000E+000
 3651997   2  0.13297565E+001
 3651997   2  0.21991549E+000
 3651997   2  0.21991549E+000
 3651997   2  0.12095352E+000
 3651997   2  0.17409976E-001
 3651997   2  0.17409976E-001
 3651997   2  0.00000000E+000
 3651997   2  0.46642677E+001
 3651997   2  0.62642072E+000
 3651997   2  0.20636975E+000
 3651997   2  0.00000000E+000
 3651997   2  0.33243914E-001
 3651997   2  0.21991549E-002
 3651997   2  0.24190703E-002
 3651997   2  0.43524940E-003
 3651997   2  0.43524940E-003
 3651997   2  0.00000000E+000
 3651997   2  0.71950115E-001
 3651997   2  0.20636975E-001
 3651997   2  0.00000000E+000
 3651997   2  0.33243914E-002
 3651997   2  0.21991549E-003
 3651997   2  0.24190703E-003
 3651997   2  0.43524940E-004
 3651997   2  0.43524940E-004
 3651997   2  0.00000000E+000
 3651997   2  0.00000000E+000
 3651997   2  0.00000000E+000
 3651997   2  0.00000000E+000
 3651997   2  0.17950188E+000
 3651997   2  0.00000000E+000
 3651997   2  0.00000000E+000
 3651997   2  0.00000000E+000
 3651997   2  0.00000000E+000
 3651997   2  0.00000000E+000
 3651997   2  0.00000000E+000
 3651997   2  0.00000000E+000
 3651997   2  0.00000000E+000
 3651997   2  0.00000000E+000
 3651997   2  0.00000000E+000
 3651997   2  0.00000000E+000
 3651997   2  0.00000000E+000
 3651997   2  0.00000000E+000
 3651997   2  0.00000000E+000
 3651997   2  0.00000000E+000
 3651997   2  0.00000000E+000
 3651997   2  0.00000000E+000
 3651997   2  0.96517799E-002  0.18865412E-001  0.18869798E-001  0.18874177E-001  0.18877813E-001  0.18910167E-001  0.18902688E-001  0.18906835E-001  0.18924723E-001  0.18718489E-001
 3651997   2  0.79746841E-002  0.00000000E+000  0.00000000E+000  0.00000000E+000  0.00000000E+000  0.00000000E+000  0.00000000E+000  0.00000000E+000  0.00000000E+000  0.00000000E+000
 3652002   2  0.33670604E+001  0.00000000E+000  0.40172573E-004 -0.98383366E+001  0.44661193E+001  0.10658910E+001  0.76962069E+000  0.27474280E+000  0.29365951E-001  0.76158184E+000  0.30431013E+000  0.19414823E-001  0.10678153E-001  0.15370068E-002  0.15370068E-002
  0.00000000E+000  0.00000000E+000  0.10678751E+002  0.58684307E+000  0.58684307E-001  0.20016659E-001  0.20000000E-001  0.49500000E+003  0.19000000E+002  0.91772676E-001  0.37890185E-001
 3652002   2  0.33670604E+001
 3652002   2  0.22194639E+000
 3652002   2  0.24086310E-001
 3652002   2  0.00000000E+000
 3652002   2  0.00000000E+000
 3652002   2  0.00000000E+000
 3652002   2  0.44661193E+001
 3652002   2  0.76158184E+000
 3652002   2  0.00000000E+000
 3652002   2  0.30431013E+000
 3652002   2  0.19414823E-001
 3652002   2  0.19414823E-001
 3652002   2  0.10678153E-001
 3652002   2  0.15370068E-002
 3652002   2  0.15370068E-002
 3652002   2  0.00000000E+000
 3652002   2  0.10658910E+001
 3652002   2  0.27474280E+000
 3652002   2  0.44704096E-001
 3652002   2  0.00000000E+000
 3652002   2  0.76077532E-002
 3652002   2  0.19414823E-003
 3652002   2  0.21356306E-003
 3652002   2  0.38425171E-004
 3652002   2  0.38425171E-004
 3652002   2  0.00000000E+000
 3652002   2  0.29365951E-001
 3652002   2  0.44704096E-002
 3652002   2  0.00000000E+000
 3652002   2  0.76077532E-003
 3652002   2  0.19414823E-004
 3652002   2  0.21356306E-004
 3652002   2  0.38425171E-005
 3652002   2  0.38425171E-005
 3652002   2  0.00000000E+000
 3652002   2  0.00000000E+000
 3652002   2  0.00000000E+000
 3652002   2  0.00000000E+000
 3652002   2  0.63981339E-001
 3652002   2  0.00000000E+000
 3652002   2  0.00000000E+000
 3652002   2  0.00000000E+000
 3652002   2  0.00000000E+000
 3652002   2  0.00000000E+000
 3652002   2  0.00000000E+000
 3652002   2  0.00000000E+000
 3652002   2  0.00000000E+000
 3652002   2  0.00000000E+000
 3652002   2  0.00000000E+000
 3652002   2  0.00000000E+000
 3652002   2  0.00000000E+000
 3652002   2  0.00000000E+000
 3652002   2  0.00000000E+000
 3652002   2  0.00000000E+000
 3652002   2  0.00000000E+000
 3652002   2  0.00000000E+000
 3652002   2  0.45556189E-002  0.65838926E-002  0.66064688E-002  0.65851563E-002  0.66066345E-002  0.66174319E-002  0.66554893E-002  0.66091688E-002  0.65999918E-002  0.65614857E-002
 3652002   2  0.15699540E-002  0.00000000E+000  0.00000000E+000  0.00000000E+000  0.00000000E+000  0.00000000E+000  0.00000000E+000  0.00000000E+000  0.00000000E+000  0.00000000E+000
 3662012   2  0.51263019E+001  0.00000000E+000  0.39000504E-003 -0.45094794E+001  0.15282745E+002  0.87142215E+001  0.55875387E+001  0.94808119E+000  0.11431403E+000  0.62369758E+001  0.24772459E+001  0.84422729E+000  0.46432501E+000  0.66834660E-001  0.66834660E-001
  0.00000000E+000  0.00000000E+000  0.24500045E+001  0.13362778E+000  0.13362778E-001  0.20043972E-001  0.20000000E-001  0.30000000E+002  0.24000000E+002  0.23289322E+001  0.15941367E+000
 3662012   2  0.51263019E+001
 3662012   2  0.46637679E+000
 3662012   2  0.66143594E-001
 3662012   2  0.00000000E+000
 3662012   2  0.00000000E+000
 3662012   2  0.00000000E+000
 3662012   2  0.15282745E+002
 3662012   2  0.62369758E+001
 3662012   2  0.00000000E+000
 3662012   2  0.24772459E+001
 3662012   2  0.84422729E+000
 3662012   2  0.84422729E+000
 3662012   2  0.46432501E+000
 3662012   2  0.66834660E-001
 3662012   2  0.66834660E-001
 3662012   2  0.00000000E+000
 3662012   2  0.87142215E+001
 3662012   2  0.94808119E+000
 3662012   2  0.39870275E+000
 3662012   2  0.00000000E+000
 3662012   2  0.61931146E-001
 3662012   2  0.84422729E-002
 3662012   2  0.92865001E-002
 3662012   2  0.16708665E-002
 3662012   2  0.16708665E-002
 3662012   2  0.00000000E+000
 3662012   2  0.11431403E+000
 3662012   2  0.39870275E-001
 3662012   2  0.00000000E+000
 3662012   2  0.61931146E-002
 3662012   2  0.84422729E-003
 3662012   2  0.92865001E-003
 3662012   2  0.16708665E-003
 3662012   2  0.16708665E-003
 3662012   2  0.00000000E+000
 3662012   2  0.00000000E+000
 3662012   2  0.00000000E+000
 3662012   2  0.00000000E+000
 3662012   2  0.31169993E+000
 3662012   2  0.00000000E+000
 3662012   2  0.00000000E+000
 3662012   2  0.00000000E+000
 3662012   2  0.00000000E+000
 3662012   2  0.00000000E+000
 3662012   2  0.00000000E+000
 3662012   2  0.00000000E+000
 3662012   2  0.00000000E+000
 3662012   2  0.00000000E+000
 3662012   2  0.00000000E+000
 3662012   2  0.00000000E+000
 3662012   2  0.00000000E+000
 3662012   2  0.00000000E+000
 3662012   2  0.00000000E+000
 3662012   2  0.00000000E+000
 3662012   2  0.00000000E+000
 3662012   2  0.00000000E+000
 3662012   2  0.11175708E-001  0.33361722E-001  0.33373578E-001  0.33363967E-001  0.33408031E-001  0.33393591E-001  0.33327353E-001  0.33495493E-001  0.33438723E-001  0.33361762E-001
 3662012   2  0.19959143E-001  0.00000000E+000  0.00000000E+000  0.00000000E+000  0.00000000E+000  0.00000000E+000  0.00000000E+000  0.00000000E+000  0.00000000E+000  0.00000000E+000
 3652017   2  0.39709994E+001  0.00000000E+000  0.46214969E-004 -0.27544401E+001  0.57206420E+001  0.16797680E+001  0.80569118E+000  0.34856978E+000  0.33420846E-001  0.12003261E+001  0.47944189E+000  0.40902218E-001  0.22496220E-001  0.32380923E-002  0.32380923E-002
  0.00000000E+000  0.00000000E+000  0.92453432E+001  0.50790714E+000  0.50790714E-001  0.20037974E-001  0.20000000E-001  0.53600000E+003  0.24000000E+002  0.92320509E-001  0.39267942E-001
 3652017   2  0.39709994E+001
 3652017   2  0.26826895E+000
 3652017   2  0.25390764E-001
 3652017   2  0.00000000E+000
 3652017   2  0.00000000E+000
 3652017   2  0.00000000E+000
 3652017   2  0.57206420E+001
 3652017   2  0.12003261E+001
 3652017   2  0.00000000E+000
 3652017   2  0.47944189E+000
 3652017   2  0.40902218E-001
 3652017   2  0.40902218E-001
 3652017   2  0.22496220E-001
 3652017   2  0.32380923E-002
 3652017   2  0.32380923E-002
 3652017   2  0.00000000E+000
 3652017   2  0.16797680E+001
 3652017   2  0.34856978E+000
 3652017   2  0.67293924E-001
 3652017   2  0.00000000E+000
 3652017   2  0.11986047E-001
 3652017   2  0.40902218E-003
 3652017   2  0.44992440E-003
 3652017   2  0.80952307E-004
 3652017   2  0.80952307E-004
 3652017   2  0.00000000E+000
 3652017   2  0.33420846E-001
 3652017   2  0.67293924E-002
 3652017   2  0.00000000E+000
 3652017   2  0.11986047E-002
 3652017   2  0.40902218E-004
 3652017   2  0.44992440E-004
 3652017   2  0.80952307E-005
 3652017   2  0.80952307E-005
 3652017   2  0.00000000E+000
 3652017   2  0.00000000E+000
 3652017   2  0.00000000E+000
 3652017   2  0.00000000E+000
 3652017   2  0.84959149E-001
 3652017   2  0.00000000E+000
 3652017   2  0.00000000E+000
 3652017   2  0.00000000E+000
 3652017   2  0.00000000E+000
 3652017   2  0.00000000E+000
 3652017   2  0.00000000E+000
 3652017   2  0.00000000E+000
 3652017   2  0.00000000E+000
 3652017   2  0.00000000E+000
 3652017   2  0.00000000E+000
 3652017   2  0.00000000E+000
 3652017   2  0.00000000E+000
 3652017   2  0.00000000E+000
 3652017   2  0.00000000E+000
 3652017   2  0.00000000E+000
 3652017   2  0.00000000E+000
 3652017   2  0.00000000E+000
 3652017   2  0.57148403E-002  0.88182831E-002  0.87956799E-002  0.88362979E-002  0.88227452E-002  0.88049189E-002  0.88028687E-002  0.88329622E-002  0.87943901E-002  0.87361629E-002
 3652017   2  0.25478574E-002  0.00000000E+000  0.00000000E+000  0.00000000E+000  0.00000000E+000  0.00000000E+000  0.00000000E+000  0.00000000E+000  0.00000000E+000  0.00000000E+000
