    ORGN   365    24  1995     1     1  0.453627E+01  0.223438E+02  0.702559E+02  0.175864E+03  0.179472E+03  0.216309E+03  0.732568E+02  0.215155E+03  0.200555E+03  0.499855E+02  0.125005E+02
    ORGN   365    24  1996     1     1  0.102607E+02  0.233185E+02  0.690155E+02  0.173177E+03  0.177564E+03  0.214834E+03  0.727175E+02  0.214641E+03  0.200076E+03  0.499707E+02  0.124980E+02
    ORGN   365    24  1997     1     1  0.230550E+01  0.235977E+02  0.679906E+02  0.171216E+03  0.176037E+03  0.213649E+03  0.722958E+02  0.214105E+03  0.199676E+03  0.499632E+02  0.124984E+02
    ORGN   365    24  1998     1     1  0.145986E+01  0.231828E+02  0.670549E+02  0.169264E+03  0.174574E+03  0.212442E+03  0.718762E+02  0.213557E+03  0.199264E+03  0.499559E+02  0.124994E+02
    ORGN   365    24  1999     1     1  0.810625E+01  0.230737E+02  0.661603E+02  0.167698E+03  0.173424E+03  0.211549E+03  0.716237E+02  0.213222E+03  0.198948E+03  0.499495E+02  0.125008E+02
    ORGN   365    24  2000     1     1  0.476930E+01  0.239434E+02  0.658386E+02  0.166556E+03  0.172433E+03  0.210764E+03  0.713666E+02  0.212954E+03  0.198662E+03  0.499419E+02  0.125016E+02
    ORGN   365    24  2001     1     1  0.754454E+01  0.253725E+02  0.656694E+02  0.165740E+03  0.171458E+03  0.209969E+03  0.711253E+02  0.212659E+03  0.198395E+03  0.499346E+02  0.125027E+02
    ORGN   365    24  2002     1     1  0.198108E+01  0.254682E+02  0.651093E+02  0.164635E+03  0.170413E+03  0.209142E+03  0.708475E+02  0.212278E+03  0.198130E+03  0.499278E+02  0.125052E+02
    ORGN   365    24  2003     1     1  0.803524E+01  0.257835E+02  0.650057E+02  0.163771E+03  0.169568E+03  0.208465E+03  0.706353E+02  0.212096E+03  0.197904E+03  0.499194E+02  0.125056E+02
    ORGN   365    24  2004     1     1  0.204597E+01  0.261813E+02  0.644127E+02  0.162959E+03  0.168704E+03  0.207816E+03  0.704175E+02  0.211768E+03  0.197677E+03  0.499125E+02  0.125074E+02
    ORGN   365    24  2005     1     1  0.114725E+01  0.257770E+02  0.637090E+02  0.161773E+03  0.167704E+03  0.207025E+03  0.701580E+02  0.211412E+03  0.197427E+03  0.499035E+02  0.125091E+02
    ORGN   365    24  2006     1     1  0.701559E+01  0.261736E+02  0.633155E+02  0.160723E+03  0.166856E+03  0.206354E+03  0.699855E+02  0.211188E+03  0.197206E+03  0.498947E+02  0.125102E+02
    ORGN   365    24  2007     1     1  0.218176E+01  0.264013E+02  0.627784E+02  0.159495E+03  0.165845E+03  0.205576E+03  0.697167E+02  0.210845E+03  0.196962E+03  0.498853E+02  0.125121E+02
    ORGN   365    24  2008     1     1  0.543545E+01  0.244831E+02  0.670500E+02  0.158654E+03  0.165108E+03  0.205025E+03  0.695235E+02  0.210641E+03  0.196769E+03  0.498767E+02  0.125131E+02
    ORGN   365    24  2009     1     1  0.693069E+00  0.189647E+02  0.659988E+02  0.163415E+03  0.165301E+03  0.204387E+03  0.692893E+02  0.210355E+03  0.196560E+03  0.498684E+02  0.125150E+02
    ORGN   365    24  2010     1     1  0.476602E+00  0.183678E+02  0.658698E+02  0.161435E+03  0.163361E+03  0.203623E+03  0.690359E+02  0.210017E+03  0.196309E+03  0.498593E+02  0.125180E+02
    ORGN   365    24  2011     1     1  0.361255E+01  0.186588E+02  0.673029E+02  0.160213E+03  0.162074E+03  0.203015E+03  0.688341E+02  0.209783E+03  0.196107E+03  0.498506E+02  0.125200E+02
    ORGN   365    24  2012     1     1  0.880485E+00  0.171739E+02  0.655009E+02  0.161991E+03  0.162451E+03  0.202214E+03  0.685820E+02  0.209482E+03  0.195859E+03  0.498382E+02  0.125206E+02
    ORGN   365    24  2013     1     1  0.867045E+00  0.173245E+02  0.657325E+02  0.160389E+03  0.160741E+03  0.201602E+03  0.683528E+02  0.209209E+03  0.195651E+03  0.498282E+02  0.125219E+02
    ORGN   365    24  2014     1     1  0.410460E+01  0.178352E+02  0.669009E+02  0.159174E+03  0.159398E+03  0.201061E+03  0.681822E+02  0.209072E+03  0.195473E+03  0.498191E+02  0.125229E+02
    ORGN   365    24  2015     1     1  0.124845E+01  0.170027E+02  0.651755E+02  0.161114E+03  0.161025E+03  0.200599E+03  0.680430E+02  0.208943E+03  0.195299E+03  0.498100E+02  0.125238E+02
    ORGN   365    24  2016     1     1  0.433738E+01  0.179893E+02  0.666606E+02  0.159316E+03  0.159083E+03  0.200058E+03  0.678524E+02  0.208709E+03  0.195102E+03  0.498016E+02  0.125267E+02
    ORGN   365    24  2017     1     1  0.110924E+01  0.177885E+02  0.656814E+02  0.157597E+03  0.157310E+03  0.199360E+03  0.676234E+02  0.208407E+03  0.194897E+03  0.497923E+02  0.125294E+02
    ORGN   365    24  2018     1     1  0.395953E+01  0.185293E+02  0.670939E+02  0.156534E+03  0.156114E+03  0.198828E+03  0.674478E+02  0.208192E+03  0.194725E+03  0.497841E+02  0.125313E+02
    ORGN   365    24  2019     1     1  0.414613E+00  0.166596E+02  0.638245E+02  0.157387E+03  0.157207E+03  0.198196E+03  0.672582E+02  0.207935E+03  0.194545E+03  0.497757E+02  0.125335E+02
    ORGN   365    24  2020     1     1  0.455332E+00  0.164565E+02  0.634122E+02  0.155735E+03  0.155532E+03  0.197582E+03  0.670631E+02  0.207675E+03  0.194355E+03  0.497662E+02  0.125352E+02
    ORGN   365    24  2021     1     1  0.441066E+01  0.169110E+02  0.646385E+02  0.154333E+03  0.154008E+03  0.196916E+03  0.668499E+02  0.207450E+03  0.194150E+03  0.497553E+02  0.125366E+02
    ORGN   365    24  2022     1     1  0.118023E+01  0.170511E+02  0.638255E+02  0.153045E+03  0.152663E+03  0.196216E+03  0.666238E+02  0.207171E+03  0.193944E+03  0.497450E+02  0.125385E+02
