    ORGC   365    24  1995     1     1  0.783736E+02  0.293645E+03  0.880577E+03  0.216546E+04  0.219574E+04  0.208428E+04  0.716607E+03  0.175117E+04  0.163299E+04  0.400269E+03  0.100069E+03
    ORGC   365    24  1996     1     1  0.574480E+02  0.298478E+03  0.872236E+03  0.214070E+04  0.217562E+04  0.207057E+04  0.710002E+03  0.174635E+04  0.162786E+04  0.400248E+03  0.100059E+03
    ORGC   365    24  1997     1     1  0.293858E+02  0.295594E+03  0.853992E+03  0.211620E+04  0.215738E+04  0.205840E+04  0.704699E+03  0.174075E+04  0.162330E+04  0.400245E+03  0.100065E+03
    ORGC   365    24  1998     1     1  0.238556E+02  0.296651E+03  0.840240E+03  0.209135E+04  0.213875E+04  0.204552E+04  0.699488E+03  0.173477E+04  0.161859E+04  0.400224E+03  0.100075E+03
    ORGC   365    24  1999     1     1  0.551738E+02  0.296463E+03  0.832297E+03  0.207292E+04  0.212532E+04  0.203669E+04  0.696610E+03  0.173172E+04  0.161528E+04  0.400205E+03  0.100086E+03
    ORGC   365    24  2000     1     1  0.110601E+03  0.307588E+03  0.831524E+03  0.206442E+04  0.211479E+04  0.203001E+04  0.694320E+03  0.173055E+04  0.161235E+04  0.400168E+03  0.100093E+03
    ORGC   365    24  2001     1     1  0.567249E+02  0.325222E+03  0.828773E+03  0.205342E+04  0.210217E+04  0.202155E+04  0.691428E+03  0.172744E+04  0.160963E+04  0.400130E+03  0.100102E+03
    ORGC   365    24  2002     1     1  0.308493E+02  0.326442E+03  0.818433E+03  0.203706E+04  0.208883E+04  0.201310E+04  0.688377E+03  0.172326E+04  0.160694E+04  0.400092E+03  0.100121E+03
    ORGC   365    24  2003     1     1  0.531653E+02  0.330644E+03  0.820495E+03  0.202965E+04  0.207922E+04  0.200651E+04  0.686140E+03  0.172150E+04  0.160477E+04  0.400040E+03  0.100123E+03
    ORGC   365    24  2004     1     1  0.296391E+02  0.334086E+03  0.809889E+03  0.201737E+04  0.206846E+04  0.200026E+04  0.683997E+03  0.171837E+04  0.160256E+04  0.399998E+03  0.100138E+03
    ORGC   365    24  2005     1     1  0.264269E+02  0.334936E+03  0.801997E+03  0.200203E+04  0.205583E+04  0.199226E+04  0.681325E+03  0.171491E+04  0.160011E+04  0.399936E+03  0.100151E+03
    ORGC   365    24  2006     1     1  0.457184E+02  0.338963E+03  0.798685E+03  0.198887E+04  0.204552E+04  0.198568E+04  0.679319E+03  0.171293E+04  0.159807E+04  0.399877E+03  0.100160E+03
    ORGC   365    24  2007     1     1  0.348230E+02  0.340367E+03  0.790665E+03  0.197312E+04  0.203272E+04  0.197796E+04  0.676628E+03  0.170953E+04  0.159574E+04  0.399808E+03  0.100174E+03
    ORGC   365    24  2008     1     1  0.385311E+02  0.313486E+03  0.838882E+03  0.196475E+04  0.202421E+04  0.197287E+04  0.674659E+03  0.170785E+04  0.159402E+04  0.399752E+03  0.100182E+03
    ORGC   365    24  2009     1     1  0.104538E+02  0.238336E+03  0.822016E+03  0.202523E+04  0.204283E+04  0.196674E+04  0.672601E+03  0.170519E+04  0.159210E+04  0.399693E+03  0.100197E+03
    ORGC   365    24  2010     1     1  0.168641E+02  0.234147E+03  0.826131E+03  0.199898E+04  0.201722E+04  0.195884E+04  0.669902E+03  0.170191E+04  0.158975E+04  0.399623E+03  0.100221E+03
    ORGC   365    24  2011     1     1  0.312142E+02  0.234344E+03  0.839888E+03  0.198698E+04  0.200260E+04  0.195293E+04  0.667789E+03  0.170029E+04  0.158797E+04  0.399561E+03  0.100236E+03
    ORGC   365    24  2012     1     1  0.148637E+02  0.214735E+03  0.817187E+03  0.201520E+04  0.201862E+04  0.194519E+04  0.665254E+03  0.169758E+04  0.158569E+04  0.399464E+03  0.100241E+03
    ORGC   365    24  2013     1     1  0.193178E+02  0.218940E+03  0.821987E+03  0.198911E+04  0.199166E+04  0.193915E+04  0.662997E+03  0.169496E+04  0.158385E+04  0.399390E+03  0.100251E+03
    ORGC   365    24  2014     1     1  0.266136E+02  0.220763E+03  0.827593E+03  0.197737E+04  0.197605E+04  0.193405E+04  0.661283E+03  0.169383E+04  0.158232E+04  0.399324E+03  0.100259E+03
    ORGC   365    24  2015     1     1  0.310498E+02  0.215209E+03  0.819186E+03  0.202358E+04  0.202008E+04  0.193145E+04  0.660477E+03  0.169545E+04  0.158082E+04  0.399259E+03  0.100266E+03
    ORGC   365    24  2016     1     1  0.271784E+02  0.221008E+03  0.823732E+03  0.198253E+04  0.197880E+04  0.192562E+04  0.658177E+03  0.169319E+04  0.157909E+04  0.399195E+03  0.100289E+03
    ORGC   365    24  2017     1     1  0.178551E+02  0.219422E+03  0.815597E+03  0.196005E+04  0.195661E+04  0.191878E+04  0.655902E+03  0.168993E+04  0.157731E+04  0.399124E+03  0.100310E+03
    ORGC   365    24  2018     1     1  0.373707E+02  0.227862E+03  0.830553E+03  0.194888E+04  0.194207E+04  0.191378E+04  0.654020E+03  0.168836E+04  0.157585E+04  0.399064E+03  0.100325E+03
    ORGC   365    24  2019     1     1  0.857460E+01  0.207150E+03  0.794190E+03  0.196018E+04  0.195780E+04  0.190759E+04  0.652119E+03  0.168574E+04  0.157427E+04  0.399000E+03  0.100343E+03
    ORGC   365    24  2020     1     1  0.165280E+02  0.208244E+03  0.795309E+03  0.193853E+04  0.193459E+04  0.190168E+04  0.650212E+03  0.168335E+04  0.157263E+04  0.398927E+03  0.100356E+03
    ORGC   365    24  2021     1     1  0.313187E+02  0.210132E+03  0.800500E+03  0.192078E+04  0.191608E+04  0.189498E+04  0.647935E+03  0.168153E+04  0.157084E+04  0.398841E+03  0.100367E+03
    ORGC   365    24  2022     1     1  0.219492E+02  0.211732E+03  0.795426E+03  0.190438E+04  0.189948E+04  0.188826E+04  0.645711E+03  0.167880E+04  0.156906E+04  0.398761E+03  0.100381E+03
