-0.033,-1.5,0.2,5.33,400,10,1,0,0,0,0,0,0,1,1,1,8,0,2,0
0.01,0.05,0.15,0.25,0.55,0.65,1.35,2.0
1.5499999523162842,1.5499999523162842,1.5499999523162842,1.5499999523162842,1.600000023841858,1.600000023841858,1.700000047683715,1.700000047683715
0.17399999618530274,0.17399999618530274,0.17399999618530274,0.17399999618530274,0.165,0.165,0.06800000190734863,0.06800000190734863
0.09,0.09,0.09,0.09,0.08,0.08,0.022999999523162843,0.022999999523162843
83.84400329589843,83.84400329589843,83.84400329589843,83.84400329589843,83.84400329589843,83.84400329589843,838.4039978027344,838.4039978027344
83.84400329589843,83.84400329589843,83.84400329589843,83.84400329589843,83.84400329589843,83.84400329589843,838.4039978027344,838.4039978027344
669.0000152587891,669.0000152587891,669.0000152587891,669.0000152587891,683.0000305175781,683.0000305175781,900.0,900.0
231.00000381469727,231.00000381469727,231.00000381469727,231.00000381469727,197.00000762939453,197.00000762939453,55.0,55.0
0.01,0.01,0.01,0.01,0.0,0.0,0.0,0.0
0,0,0,0,0,0,0,0
6.199999809265137,6.199999809265137,6.199999809265137,6.199999809265137,6.199999809265137,6.199999809265137,5.800000190734863,5.800000190734863
5.5,5.5,5.5,5.5,6.5,6.5,5.0,5.0
2.5,2.5,2.5,2.5,2.5,2.5,2.5,2.5
14.499999999999998,14.499999999999998,14.499999999999998,14.499999999999998,4.35,4.35,1.45,1.45
0,0,0,0,0,0,0,0
-1,-1,-1,-1,-1,-1,-1,-1
-1,-1,-1,-1,-1,-1,-1,-1
3,3,3,3,3,3,3,3
12,12,12,12,12,12,12,12
10,10,10,10,10,10,10,10
-1,-1,-1,-1,-1,-1,-1,-1
-1,-1,-1,-1,-1,-1,-1,-1
40,40,40,40,40,40,40,40
120,120,120,120,120,120,120,120
23,23,23,23,23,23,23,23
39,39,39,39,39,39,39,39
48,48,48,48,48,48,48,48
35,35,35,35,35,35,35,35
50,50,50,50,50,50,50,50
50,50,50,50,50,50,50,50
50,50,50,50,50,50,50,50
50,50,50,50,50,50,50,50
1000,1000,1000,1000,1000,1000,1000,1000
2000,2000,2000,2000,2000,2000,2000,2000
0,0,0,0,0,0,0,0
0,0,0,0,0,0,0,0
0.025,0.025,0.025,0.025,0.025,0.025,0.025,0.025
0.25,0.25,0.25,0.25,0.25,0.25,0.25,0.25
0.25,0.25,0.25,0.25,0.25,0.25,0.25,0.25
0.6,0.6,0.6,0.6,0.6,0.6,0.6,0.6
0.16,0.16,0.16,0.16,0.16,0.16,0.16,0.16
3,3,3,3,3,3,3,3
1,1,1,1,1,1,1,1
0,0,0,0,0,0,0,0
45,45,45,45,45,45,45,45
1.5,1.5,1.5,1.5,1.5,1.5,1.5,1.5
0.15,0.15,0.15,0.15,0.15,0.15,0.15,0.15
0,0,0,0,0,0,0,0
0,0,0,0,0,0,0,0
0,0,0,0,0,0,0,0
0,0,0,0,0,0,0,0
0,0,0,0,0,0,0,0
0,0,0,0,0,0,0,0
