 3651995   1   0   0   1
 3651995   1  0.00000000E+000  0.00000000E+000  0.00000000E+000  0.00000000E+000  0.00000000E+000  0.00000000E+000  0.00000000E+000  0.00000000E+000  0.00000000E+000  0.00000000E+000  0.00000000E+000  0.00000000E+000
 3661996   1   0   0   1
 3661996   1  0.00000000E+000  0.00000000E+000  0.00000000E+000  0.00000000E+000  0.00000000E+000  0.00000000E+000  0.00000000E+000  0.00000000E+000  0.00000000E+000  0.00000000E+000  0.00000000E+000  0.00000000E+000
 3651997   2   1   0   1   1   0
 3651997   2  0.00000000E+000  0.00000000E+000  0.00000000E+000  0.00000000E+000  0.00000000E+000  0.00000000E+000  0.00000000E+000  0.00000000E+000  0.00000000E+000  0.00000000E+000  0.00000000E+000  0.00000000E+000  0.00000000E+000  0.00000000E+000  0.00000000E+000
  0.00000000E+000  0.00000000E+000  0.00000000E+000  0.00000000E+000  0.00000000E+000  0.00000000E+000  0.00000000E+000  0.00000000E+000  0.00000000E+000
 3651997   2    1997     284 1000000 1000000   2   0   0   1   1   1   0   2   3   2   3   2
 3651997   2 -0.26439544E+000  0.11372606E-005  0.25199997E+000  0.28030912E-007  0.39399386E-001  0.28047137E-008  0.00000000E+000 -0.31031834E+001 -0.10715516E-002  0.58766771E+001 -0.14980212E+002  0.25816979E+003 -0.14980212E+002  0.25816979E+003  0.14621056E-004
  0.21991549E+000  0.12352369E-004 -0.53322409E+001 -0.40597674E+001  0.00000000E+000  0.90329983E-002  0.17950188E+000  0.79746841E-002  0.40000000E+003  0.00000000E+000  0.00000000E+000  0.00000000E+000  0.00000000E+000  0.00000000E+000  0.00000000E+000
 -0.22346659E+001  0.00000000E+000  0.00000000E+000  0.00000000E+000  0.10419502E-002  0.00000000E+000  0.40000000E+003  0.40000000E+003  0.00000000E+000  0.00000000E+000  0.00000000E+000  0.15917053E+000  0.37327747E-006  0.95000000E+000  0.00000000E+000
  0.00000000E+000  0.00000000E+000  0.00000000E+000  0.00000000E+000  0.00000000E+000
 3651997   2  0.80000000E+001
 3651997   2  0.44134049E+001
 3651997   2  0.30056624E+001
 3651997   2  0.00000000E+000
 3651997   2  0.97851110E+000
 3651997   2  0.30056624E+001
 3651997   2  0.17596782E+000
 3651997   2  0.00000000E+000
 3651997   2  0.87983910E-001
 3651997   2  0.00000000E+000
 3651997   2  0.21600000E+003
 3651997   2  0.00000000E+000
 3651997   2  0.21600000E+003
 3651997   2  0.00000000E+000
 3651997   2  0.11361848E+003
 3651997   2  0.00000000E+000
 3651997   2  0.00000000E+000
 3651997   2     1
 3651997   2     0
 3651997   2     0
 3651997   2     0
 3651997   2     0
 3651997   2     0
 3651997   2     0
 3651997   2     1
 3651997   2     1
 3651997   2     1
 3651997   2   285
 3651997   2   285
 3651997   2     0
 3651997   2     0
 3651997   2     0
 3651997   2     0
 3651997   2     0
 3651997   2     0
 3651997   2     0
 3651997   2     0
 3651998   2   0   0   0   1   1
 3651998   2  0.00000000E+000  0.00000000E+000  0.00000000E+000  0.00000000E+000  0.00000000E+000  0.00000000E+000  0.00000000E+000  0.00000000E+000  0.00000000E+000  0.00000000E+000  0.00000000E+000  0.00000000E+000  0.00000000E+000  0.00000000E+000  0.00000000E+000
  0.00000000E+000  0.00000000E+000  0.00000000E+000  0.00000000E+000  0.00000000E+000  0.00000000E+000  0.00000000E+000  0.00000000E+000  0.00000000E+000
 3651999   1   0   0   1
 3651999   1  0.00000000E+000  0.00000000E+000  0.00000000E+000  0.00000000E+000  0.00000000E+000  0.00000000E+000  0.00000000E+000  0.00000000E+000  0.00000000E+000  0.00000000E+000  0.00000000E+000  0.00000000E+000
 3662000   1   0   0   1
 3662000   1  0.00000000E+000  0.00000000E+000  0.00000000E+000  0.00000000E+000  0.00000000E+000  0.00000000E+000  0.00000000E+000  0.00000000E+000  0.00000000E+000  0.00000000E+000  0.00000000E+000  0.00000000E+000
 3652001   1   0   0   1
 3652001   1  0.00000000E+000  0.00000000E+000  0.00000000E+000  0.00000000E+000  0.00000000E+000  0.00000000E+000  0.00000000E+000  0.00000000E+000  0.00000000E+000  0.00000000E+000  0.00000000E+000  0.00000000E+000
 3652002   2   1   0   1   1   0
 3652002   2  0.00000000E+000  0.00000000E+000  0.00000000E+000  0.00000000E+000  0.00000000E+000  0.00000000E+000  0.00000000E+000  0.00000000E+000  0.00000000E+000  0.00000000E+000  0.00000000E+000  0.00000000E+000  0.00000000E+000  0.00000000E+000  0.00000000E+000
  0.00000000E+000  0.00000000E+000  0.00000000E+000  0.00000000E+000  0.00000000E+000  0.00000000E+000  0.00000000E+000  0.00000000E+000  0.00000000E+000
 3652002   2    2002     304 1000000 1000000   2   0   0   1   1   1   0   1   2   2   2
 3652002   2 -0.12937920E+000  0.30776342E-007  0.29344413E-001  0.49945492E-009  0.52452579E-002  0.50911459E-010  0.00000000E+000 -0.56902059E+000 -0.16049701E-003  0.61289095E+000 -0.13977337E+002  0.25917266E+003 -0.13977337E+002  0.25917266E+003  0.23469228E-004
  0.19414823E-001  0.47434702E-005 -0.14238748E+001 -0.23541376E+001  0.93026281E+000  0.19419973E-002  0.63981339E-001  0.15699540E-002  0.40000000E+003  0.00000000E+000  0.00000000E+000  0.00000000E+000  0.00000000E+000  0.00000000E+000  0.00000000E+000
 -0.48946059E+000  0.45074112E+002  0.21605484E+001  0.46950750E+000  0.21808152E-003  0.00000000E+000  0.40000000E+003  0.40000000E+003  0.00000000E+000  0.00000000E+000  0.00000000E+000  0.81857650E-001  0.74373124E-007  0.95000000E+000  0.00000000E+000
  0.00000000E+000  0.00000000E+000  0.00000000E+000  0.00000000E+000  0.00000000E+000
 3652002   2  0.80000000E+001
 3652002   2  0.35245882E+001
 3652002   2  0.30001416E+001
 3652002   2  0.00000000E+000
 3652002   2  0.36317645E+000
 3652002   2  0.30001416E+001
 3652002   2  0.65555830E-001
 3652002   2  0.00000000E+000
 3652002   2  0.32777915E-001
 3652002   2  0.00000000E+000
 3652002   2  0.21600000E+003
 3652002   2  0.00000000E+000
 3652002   2  0.21600000E+003
 3652002   2  0.00000000E+000
 3652002   2  0.40391878E+002
 3652002   2  0.00000000E+000
 3652002   2  0.00000000E+000
 3652002   2     1
 3652002   2     0
 3652002   2     0
 3652002   2     0
 3652002   2     0
 3652002   2     0
 3652002   2     0
 3652002   2     1
 3652002   2     1
 3652002   2     1
 3652002   2   311
 3652002   2   311
 3652002   2     0
 3652002   2     0
 3652002   2     0
 3652002   2     0
 3652002   2     0
 3652002   2     0
 3652002   2     0
 3652002   2     0
 3652003   2   0   0   0   1   1
 3652003   2  0.00000000E+000  0.00000000E+000  0.00000000E+000  0.00000000E+000  0.00000000E+000  0.00000000E+000  0.00000000E+000  0.00000000E+000  0.00000000E+000  0.00000000E+000  0.00000000E+000  0.00000000E+000  0.00000000E+000  0.00000000E+000  0.00000000E+000
  0.00000000E+000  0.00000000E+000  0.00000000E+000  0.00000000E+000  0.00000000E+000  0.00000000E+000  0.00000000E+000  0.00000000E+000  0.00000000E+000
 3662004   1   0   0   1
 3662004   1  0.00000000E+000  0.00000000E+000  0.00000000E+000  0.00000000E+000  0.00000000E+000  0.00000000E+000  0.00000000E+000  0.00000000E+000  0.00000000E+000  0.00000000E+000  0.00000000E+000  0.00000000E+000
 3652005   1   0   0   1
 3652005   1  0.00000000E+000  0.00000000E+000  0.00000000E+000  0.00000000E+000  0.00000000E+000  0.00000000E+000  0.00000000E+000  0.00000000E+000  0.00000000E+000  0.00000000E+000  0.00000000E+000  0.00000000E+000
 3652006   1   0   0   1
 3652006   1  0.00000000E+000  0.00000000E+000  0.00000000E+000  0.00000000E+000  0.00000000E+000  0.00000000E+000  0.00000000E+000  0.00000000E+000  0.00000000E+000  0.00000000E+000  0.00000000E+000  0.00000000E+000
 3652007   1   0   0   1
 3652007   1  0.00000000E+000  0.00000000E+000  0.00000000E+000  0.00000000E+000  0.00000000E+000  0.00000000E+000  0.00000000E+000  0.00000000E+000  0.00000000E+000  0.00000000E+000  0.00000000E+000  0.00000000E+000
 3662008   1   0   0   1
 3662008   1  0.00000000E+000  0.00000000E+000  0.00000000E+000  0.00000000E+000  0.00000000E+000  0.00000000E+000  0.00000000E+000  0.00000000E+000  0.00000000E+000  0.00000000E+000  0.00000000E+000  0.00000000E+000
 3652009   1   0   0   1
 3652009   1  0.00000000E+000  0.00000000E+000  0.00000000E+000  0.00000000E+000  0.00000000E+000  0.00000000E+000  0.00000000E+000  0.00000000E+000  0.00000000E+000  0.00000000E+000  0.00000000E+000  0.00000000E+000
 3652010   1   0   0   1
 3652010   1  0.00000000E+000  0.00000000E+000  0.00000000E+000  0.00000000E+000  0.00000000E+000  0.00000000E+000  0.00000000E+000  0.00000000E+000  0.00000000E+000  0.00000000E+000  0.00000000E+000  0.00000000E+000
 3652011   1   0   0   1
 3652011   1  0.00000000E+000  0.00000000E+000  0.00000000E+000  0.00000000E+000  0.00000000E+000  0.00000000E+000  0.00000000E+000  0.00000000E+000  0.00000000E+000  0.00000000E+000  0.00000000E+000  0.00000000E+000
 3662012   2   1   0   1   1   0
 3662012   2  0.00000000E+000  0.00000000E+000  0.00000000E+000  0.00000000E+000  0.00000000E+000  0.00000000E+000  0.00000000E+000  0.00000000E+000  0.00000000E+000  0.00000000E+000  0.00000000E+000  0.00000000E+000  0.00000000E+000  0.00000000E+000  0.00000000E+000
  0.00000000E+000  0.00000000E+000  0.00000000E+000  0.00000000E+000  0.00000000E+000  0.00000000E+000  0.00000000E+000  0.00000000E+000  0.00000000E+000
 3662012   2    2012     284 1000000 1000000   2   0   0   1   1   1   0   3   4   2   4   3   3
 3662012   2 -0.35390884E+000  0.31731949E-007  0.55735296E+000  0.39462213E-009  0.88004025E-001  0.40385842E-010  0.00000000E+000 -0.62179266E+001 -0.24858597E-002  0.13892124E+002 -0.18168479E+002  0.25498152E+003 -0.18168479E+002  0.25498152E+003  0.31664439E-005
  0.84422729E+000  0.50258032E-004 -0.61180822E+000 -0.19355342E+001  0.13237260E+001  0.13967625E-001  0.31169993E+000  0.19959143E-001  0.40000000E+003  0.00000000E+000  0.00000000E+000  0.00000000E+000  0.00000000E+000  0.00000000E+000  0.00000000E+000
 -0.44387084E+001  0.48894867E+002  0.23454169E+001  0.50146307E+000  0.20008944E-002  0.00000000E+000  0.40000000E+003  0.40000000E+003  0.00000000E+000  0.00000000E+000  0.00000000E+000  0.18891329E+000  0.55740250E-006  0.95000000E+000  0.00000000E+000
  0.00000000E+000  0.00000000E+000  0.00000000E+000  0.00000000E+000  0.00000000E+000
 3662012   2  0.80000000E+001
 3662012   2  0.55498708E+001
 3662012   2  0.30005611E+001
 3662012   2  0.00000000E+000
 3662012   2  0.17652952E+001
 3662012   2  0.30005611E+001
 3662012   2  0.31866371E+000
 3662012   2  0.00000000E+000
 3662012   2  0.15933186E+000
 3662012   2  0.00000000E+000
 3662012   2  0.24000000E+003
 3662012   2  0.00000000E+000
 3662012   2  0.24000000E+003
 3662012   2  0.00000000E+000
 3662012   2  0.18723549E+003
 3662012   2  0.00000000E+000
 3662012   2  0.00000000E+000
 3662012   2     1
 3662012   2     0
 3662012   2     0
 3662012   2     0
 3662012   2     0
 3662012   2     0
 3662012   2     0
 3662012   2     2
 3662012   2     2
 3662012   2     1
 3662012   2   285
 3662012   2   285
 3662012   2     0
 3662012   2     0
 3662012   2     0
 3662012   2     0
 3662012   2     0
 3662012   2     0
 3662012   2     0
 3662012   2     0
 3652013   2   0   0   0   1   1
 3652013   2  0.00000000E+000  0.00000000E+000  0.00000000E+000  0.00000000E+000  0.00000000E+000  0.00000000E+000  0.00000000E+000  0.00000000E+000  0.00000000E+000  0.00000000E+000  0.00000000E+000  0.00000000E+000  0.00000000E+000  0.00000000E+000  0.00000000E+000
  0.00000000E+000  0.00000000E+000  0.00000000E+000  0.00000000E+000  0.00000000E+000  0.00000000E+000  0.00000000E+000  0.00000000E+000  0.00000000E+000
 3652014   1   0   0   1
 3652014   1  0.00000000E+000  0.00000000E+000  0.00000000E+000  0.00000000E+000  0.00000000E+000  0.00000000E+000  0.00000000E+000  0.00000000E+000  0.00000000E+000  0.00000000E+000  0.00000000E+000  0.00000000E+000
 3652015   1   0   0   1
 3652015   1  0.00000000E+000  0.00000000E+000  0.00000000E+000  0.00000000E+000  0.00000000E+000  0.00000000E+000  0.00000000E+000  0.00000000E+000  0.00000000E+000  0.00000000E+000  0.00000000E+000  0.00000000E+000
 3662016   1   0   0   1
 3662016   1  0.00000000E+000  0.00000000E+000  0.00000000E+000  0.00000000E+000  0.00000000E+000  0.00000000E+000  0.00000000E+000  0.00000000E+000  0.00000000E+000  0.00000000E+000  0.00000000E+000  0.00000000E+000
 3652017   2   1   0   1   1   0
 3652017   2  0.00000000E+000  0.00000000E+000  0.00000000E+000  0.00000000E+000  0.00000000E+000  0.00000000E+000  0.00000000E+000  0.00000000E+000  0.00000000E+000  0.00000000E+000  0.00000000E+000  0.00000000E+000  0.00000000E+000  0.00000000E+000  0.00000000E+000
  0.00000000E+000  0.00000000E+000  0.00000000E+000  0.00000000E+000  0.00000000E+000  0.00000000E+000  0.00000000E+000  0.00000000E+000  0.00000000E+000
 3652017   2    2017     303 1000000 1000000   2   0   0   1   1   1   0   1   2   2   2
 3652017   2 -0.14669958E+000  0.10888681E-002  0.26778648E-001  0.29495346E-004  0.38858099E-003  0.55716323E-008  0.00000000E+000 -0.85140441E+000 -0.15551562E-003  0.77086923E+000 -0.23563440E+002  0.24958656E+003 -0.23563440E+002  0.24958656E+003  0.21731815E-006
  0.40902218E-001  0.33258995E-005 -0.87003833E+001 -0.52743965E+001  0.00000000E+000  0.20523773E-002  0.84959149E-001  0.25478574E-002  0.40000000E+003  0.00000000E+000  0.00000000E+000  0.00000000E+000  0.00000000E+000  0.00000000E+000  0.00000000E+000
 -0.77108374E+000  0.81088112E+002  0.41047698E+001  0.83482143E+000  0.25446875E-003  0.00000000E+000  0.40000000E+003  0.40000000E+003  0.00000000E+000  0.00000000E+000  0.00000000E+000  0.97779115E-001  0.47951873E-007  0.95000000E+000  0.00000000E+000
  0.00000000E+000  0.00000000E+000  0.00000000E+000  0.00000000E+000  0.00000000E+000
 3652017   2  0.80000000E+001
 3652017   2  0.36899864E+001
 3652017   2  0.30034408E+001
 3652017   2  0.00000000E+000
 3652017   2  0.47768290E+000
 3652017   2  0.30034408E+001
 3652017   2  0.85818202E-001
 3652017   2  0.00000000E+000
 3652017   2  0.42909101E-001
 3652017   2  0.00000000E+000
 3652017   2  0.21600000E+003
 3652017   2  0.00000000E+000
 3652017   2  0.21600000E+003
 3652017   2  0.00000000E+000
 3652017   2  0.54789369E+002
 3652017   2  0.00000000E+000
 3652017   2  0.00000000E+000
 3652017   2     1
 3652017   2     0
 3652017   2     0
 3652017   2     0
 3652017   2     0
 3652017   2     0
 3652017   2     0
 3652017   2     1
 3652017   2     1
 3652017   2     1
 3652017   2   309
 3652017   2   309
 3652017   2     0
 3652017   2     0
 3652017   2     0
 3652017   2     0
 3652017   2     0
 3652017   2     0
 3652017   2     0
 3652017   2     0
 3652018   2   0   0   0   1   1
 3652018   2  0.00000000E+000  0.00000000E+000  0.00000000E+000  0.00000000E+000  0.00000000E+000  0.00000000E+000  0.00000000E+000  0.00000000E+000  0.00000000E+000  0.00000000E+000  0.00000000E+000  0.00000000E+000  0.00000000E+000  0.00000000E+000  0.00000000E+000
  0.00000000E+000  0.00000000E+000  0.00000000E+000  0.00000000E+000  0.00000000E+000  0.00000000E+000  0.00000000E+000  0.00000000E+000  0.00000000E+000
 3652019   1   0   0   1
 3652019   1  0.00000000E+000  0.00000000E+000  0.00000000E+000  0.00000000E+000  0.00000000E+000  0.00000000E+000  0.00000000E+000  0.00000000E+000  0.00000000E+000  0.00000000E+000  0.00000000E+000  0.00000000E+000
 3662020   1   0   0   1
 3662020   1  0.00000000E+000  0.00000000E+000  0.00000000E+000  0.00000000E+000  0.00000000E+000  0.00000000E+000  0.00000000E+000  0.00000000E+000  0.00000000E+000  0.00000000E+000  0.00000000E+000  0.00000000E+000
 3652021   1   0   0   1
 3652021   1  0.00000000E+000  0.00000000E+000  0.00000000E+000  0.00000000E+000  0.00000000E+000  0.00000000E+000  0.00000000E+000  0.00000000E+000  0.00000000E+000  0.00000000E+000  0.00000000E+000  0.00000000E+000
 3652022   1   0   0   1
 3652022   1  0.00000000E+000  0.00000000E+000  0.00000000E+000  0.00000000E+000  0.00000000E+000  0.00000000E+000  0.00000000E+000  0.00000000E+000  0.00000000E+000  0.00000000E+000  0.00000000E+000  0.00000000E+000
