 3651997   2 -0.62658507E+001 -0.59118068E+001 -0.52110793E+001 -0.10000000E-001 -0.10000000E-001 -0.10000000E-001 -0.10000000E-001 -0.10000000E-001
 3651997   2 -0.44918055E+001 -0.43487681E+001 -0.40701467E+001 -0.12600000E+001 -0.12600000E+001 -0.12600000E+001 -0.12600000E+001 -0.12600000E+001
 3651997   2  0.00000000E+000  0.00000000E+000  0.00000000E+000  0.12500000E+001  0.12500000E+001  0.12500000E+001  0.12500000E+001  0.12500000E+001
 3651997   2  0.80000000E+003  0.80000000E+003  0.40000000E+003  0.00000000E+000  0.00000000E+000  0.00000000E+000  0.00000000E+000  0.00000000E+000
 3651997   2  0.50200000E+006  0.20080000E+007  0.25100000E+007  0.00000000E+000  0.00000000E+000  0.00000000E+000  0.00000000E+000  0.00000000E+000
 3651997   2  0.52599077E-001  0.10521084E+001  0.63290992E+000  0.00000000E+000  0.00000000E+000  0.00000000E+000  0.00000000E+000  0.00000000E+000
 3651997   2  0.52599077E+001  0.26302710E+002  0.63290992E+001  0.00000000E+000  0.00000000E+000  0.00000000E+000  0.00000000E+000  0.00000000E+000
 3651997   2  0.66106520E-007  0.97412402E-005  0.15238175E-005  0.00000000E+000  0.00000000E+000  0.00000000E+000  0.00000000E+000  0.00000000E+000
 3651997   2  0.59495868E-006  0.87671161E-004  0.13714357E-004  0.00000000E+000  0.00000000E+000  0.00000000E+000  0.00000000E+000  0.00000000E+000
 3651997   2  0.20000000E-003  0.20000000E-003  0.20000000E-003  0.20000000E-003  0.20000000E-003  0.20000000E-003  0.20000000E-003  0.20000000E-003
 3651997   2  0.10000000E-003  0.10000000E-003  0.10000000E-003  0.10000000E-003  0.10000000E-003  0.10000000E-003  0.10000000E-003  0.10000000E-003
 3651997   2  0.33048000E-004  0.91269839E-003  0.51903403E-003  0.00000000E+000  0.00000000E+000  0.00000000E+000  0.00000000E+000  0.00000000E+000
 3651997   2  0.10000000E-002  0.10000000E-002  0.10000000E-002  0.10000000E-002  0.10000000E-002  0.10000000E-002  0.10000000E-002  0.10000000E-002
 3651997   2  0.32569269E-006  0.84903316E-005  0.57249226E-005  0.00000000E+000  0.00000000E+000  0.00000000E+000  0.00000000E+000  0.00000000E+000
 3651997   2 -0.32456832E-006 -0.84608504E-005 -0.57056657E-005  0.00000000E+000  0.00000000E+000  0.00000000E+000  0.00000000E+000  0.00000000E+000
 3651997   2  0.32456832E-006  0.84608504E-005  0.57056657E-005  0.00000000E+000  0.00000000E+000  0.00000000E+000  0.00000000E+000  0.00000000E+000
 3651997   2  0.16245314E-007  0.38056238E-005  0.76494902E-006  0.00000000E+000  0.00000000E+000  0.00000000E+000  0.00000000E+000  0.00000000E+000
 3651997   2  0.20563427E-004  0.30003200E-002  0.46606398E-003  0.00000000E+000  0.00000000E+000  0.00000000E+000  0.00000000E+000  0.00000000E+000
 3651997   2  0.66073305E-010  0.85193510E-008  0.12128696E-008  0.00000000E+000  0.00000000E+000  0.00000000E+000  0.00000000E+000  0.00000000E+000
 3651997   2  0.25685019E-010  0.38007578E-008  0.60470944E-009  0.00000000E+000  0.00000000E+000  0.00000000E+000  0.00000000E+000  0.00000000E+000
 3651997   2  0.12366957E-012  0.30323021E-011 -0.24363376E-007  0.00000000E+000  0.00000000E+000  0.00000000E+000  0.00000000E+000  0.00000000E+000
 3651997   2  0.36793803E-006  0.67621384E-004  0.13325196E-004  0.00000000E+000  0.00000000E+000  0.00000000E+000  0.00000000E+000  0.00000000E+000
 3651997   2  0.99143178E-005  0.14389044E-002  0.22081895E-003  0.00000000E+000  0.00000000E+000  0.00000000E+000  0.00000000E+000  0.00000000E+000
 3651997   2  0.37836594E-010  0.48292074E-008  0.67650032E-009  0.00000000E+000  0.00000000E+000  0.00000000E+000  0.00000000E+000  0.00000000E+000
 3651997   2  0.34772992E-009  0.50877843E-007  0.79284299E-008  0.00000000E+000  0.00000000E+000  0.00000000E+000  0.00000000E+000  0.00000000E+000
 3651997   2  0.60257494E-009  0.12955517E-007  0.18309235E-008  0.00000000E+000  0.00000000E+000  0.00000000E+000  0.00000000E+000  0.00000000E+000
 3651997   2  0.30210850E-001  0.59588837E+000  0.54406154E+000  0.00000000E+000  0.00000000E+000  0.00000000E+000  0.00000000E+000  0.00000000E+000
 3651997   2  0.10979127E+000  0.18285454E+001  0.15414477E+001  0.00000000E+000  0.00000000E+000  0.00000000E+000  0.00000000E+000  0.00000000E+000
 3651997   2  0.18881781E-002  0.37243023E-001  0.29788698E-001  0.00000000E+000  0.00000000E+000  0.00000000E+000  0.00000000E+000  0.00000000E+000
 3651997   2  0.11101521E-005  0.26341369E-004  0.14996480E-004  0.00000000E+000  0.00000000E+000  0.00000000E+000  0.00000000E+000  0.00000000E+000
 3651997   2  0.10236234E-006  0.13290931E-005  0.83753735E-006  0.00000000E+000  0.00000000E+000  0.00000000E+000  0.00000000E+000  0.00000000E+000
 3651997   2  0.15892174E-006  0.46446232E-005  0.30570375E-005  0.00000000E+000  0.00000000E+000  0.00000000E+000  0.00000000E+000  0.00000000E+000
 3651997   2  0.30695741E-007  0.10112461E-005  0.60762049E-006  0.00000000E+000  0.00000000E+000  0.00000000E+000  0.00000000E+000  0.00000000E+000
 3651997   2  0.18246227E-008  0.65367390E-007  0.25126408E-007  0.00000000E+000  0.00000000E+000  0.00000000E+000  0.00000000E+000  0.00000000E+000
 3651997   2  0.20879150E-007  0.43586013E-006  0.26869643E-006  0.00000000E+000  0.00000000E+000  0.00000000E+000  0.00000000E+000  0.00000000E+000
 3651997   2  0.31817176E-007  0.15335792E-005  0.10865151E-005  0.00000000E+000  0.00000000E+000  0.00000000E+000  0.00000000E+000  0.00000000E+000
 3651997   2  0.00000000E+000  0.00000000E+000  0.00000000E+000  0.00000000E+000  0.00000000E+000  0.00000000E+000  0.00000000E+000  0.00000000E+000
 3651997   2  0.00000000E+000  0.00000000E+000  0.00000000E+000  0.00000000E+000  0.00000000E+000  0.00000000E+000  0.00000000E+000  0.00000000E+000
 3651997   2  0.99617279E+000  0.99611216E+000  0.99604019E+000  0.10000000E+001  0.10000000E+001  0.10000000E+001  0.10000000E+001  0.10000000E+001
 3651997   2  0.79580418E-001  0.11652147E+001  0.10648285E+001  0.00000000E+000  0.00000000E+000  0.00000000E+000  0.00000000E+000  0.00000000E+000
 3651997   2  0.64214806E-002  0.94098323E-001  0.86219454E-001  0.00000000E+000  0.00000000E+000  0.00000000E+000  0.00000000E+000  0.00000000E+000
 3651997   2  0.79853951E-003  0.11709794E-001  0.10724206E-001  0.00000000E+000  0.00000000E+000  0.00000000E+000  0.00000000E+000  0.00000000E+000
 3651997   2  0.14640359E+000  0.47024773E-001
 3651997   2  0.29015849E+000  0.63988609E-001
 3651997   2  0.72539622E-002  0.15997152E-002
 3651997   2  0.72539622E-003  0.15997152E-003
 3651997   2  0.25100000E+006  0.10040000E+007  0.25100000E+007  0.00000000E+000  0.00000000E+000  0.00000000E+000  0.00000000E+000  0.00000000E+000
 3651997   2  0.00000000E+000  0.29812207E-001  0.96591384E-001  0.00000000E+000  0.00000000E+000  0.00000000E+000  0.00000000E+000  0.00000000E+000
 3651997   2  0.00000000E+000  0.67442366E-001  0.22271612E+000  0.00000000E+000  0.00000000E+000  0.00000000E+000  0.00000000E+000  0.00000000E+000
 3651997   2  0.00000000E+000  0.16860592E-002  0.55679031E-002  0.00000000E+000  0.00000000E+000  0.00000000E+000  0.00000000E+000  0.00000000E+000
 3651997   2  0.00000000E+000  0.16860592E-003  0.55679031E-003  0.00000000E+000  0.00000000E+000  0.00000000E+000  0.00000000E+000  0.00000000E+000
 3651997   2  0.24399777E-001  0.46786127E+000  0.25390305E+000  0.00000000E+000  0.00000000E+000  0.00000000E+000  0.00000000E+000  0.00000000E+000
 3651997   2  0.60999441E-003  0.11696532E-001  0.63475763E-002  0.00000000E+000  0.00000000E+000  0.00000000E+000  0.00000000E+000  0.00000000E+000
 3651997   2  0.60999441E-004  0.11696532E-002  0.63475763E-003  0.00000000E+000  0.00000000E+000  0.00000000E+000  0.00000000E+000  0.00000000E+000
 3651997   2  0.17099093E+002  0.32911924E+003  0.17589086E+003  0.00000000E+000  0.00000000E+000  0.00000000E+000  0.00000000E+000  0.00000000E+000
 3651997   2  0.25100000E+006  0.10040000E+007  0.00000000E+000  0.00000000E+000  0.00000000E+000  0.00000000E+000  0.00000000E+000  0.00000000E+000
 3651997   2  0.00000000E+000  0.27024773E-001  0.00000000E+000  0.00000000E+000  0.00000000E+000  0.00000000E+000  0.00000000E+000  0.00000000E+000
 3651997   2  0.00000000E+000  0.63988609E-001  0.00000000E+000  0.00000000E+000  0.00000000E+000  0.00000000E+000  0.00000000E+000  0.00000000E+000
 3651997   2  0.00000000E+000  0.15997152E-002  0.00000000E+000  0.00000000E+000  0.00000000E+000  0.00000000E+000  0.00000000E+000  0.00000000E+000
 3651997   2  0.00000000E+000  0.15997152E-003  0.00000000E+000  0.00000000E+000  0.00000000E+000  0.00000000E+000  0.00000000E+000  0.00000000E+000
 3651997   2  0.58110736E-002  0.64038487E-001  0.00000000E+000  0.00000000E+000  0.00000000E+000  0.00000000E+000  0.00000000E+000  0.00000000E+000
 3651997   2  0.14527684E-003  0.16009622E-002  0.00000000E+000  0.00000000E+000  0.00000000E+000  0.00000000E+000  0.00000000E+000  0.00000000E+000
 3651997   2  0.14527684E-004  0.16009622E-003  0.00000000E+000  0.00000000E+000  0.00000000E+000  0.00000000E+000  0.00000000E+000  0.00000000E+000
 3651997   2  0.39405381E+001  0.43184524E+002  0.00000000E+000  0.00000000E+000  0.00000000E+000  0.00000000E+000  0.00000000E+000  0.00000000E+000
 3651997   2 -0.65053008E+001 -0.60358530E+001 -0.51782219E+001 -0.10000000E-001 -0.10000000E-001 -0.10000000E-001 -0.10000000E-001 -0.10000000E-001
 3651997   2 -0.46017154E+001 -0.44194563E+001 -0.40637653E+001 -0.12600000E+001 -0.12600000E+001 -0.12600000E+001 -0.12600000E+001 -0.12600000E+001
 3651997   2  0.00000000E+000  0.00000000E+000  0.00000000E+000  0.12500000E+001  0.12500000E+001  0.12500000E+001  0.12500000E+001  0.12500000E+001
 3651997   2  0.00000000E+000  0.00000000E+000  0.00000000E+000  0.00000000E+000  0.00000000E+000  0.00000000E+000  0.00000000E+000  0.00000000E+000
 3651997   2  0.50200000E+006  0.20080000E+007  0.25100000E+007  0.00000000E+000  0.00000000E+000  0.00000000E+000  0.00000000E+000  0.00000000E+000
 3651997   2  0.17930113E-002  0.23911303E+000  0.12171598E+002  0.00000000E+000  0.00000000E+000  0.00000000E+000  0.00000000E+000  0.00000000E+000
 3651997   2  0.17930113E+000  0.59778256E+001  0.12171598E+003  0.00000000E+000  0.00000000E+000  0.00000000E+000  0.00000000E+000  0.00000000E+000
 3651997   2  0.56336416E-011  0.75129313E-009  0.38243160E-007  0.00000000E+000  0.00000000E+000  0.00000000E+000  0.00000000E+000  0.00000000E+000
 3651997   2  0.50702774E-010  0.67616381E-008  0.34418844E-006  0.00000000E+000  0.00000000E+000  0.00000000E+000  0.00000000E+000  0.00000000E+000
 3651997   2  0.50000000E-005  0.50000000E-005  0.50000000E-005  0.50000000E-005  0.50000000E-005  0.50000000E-005  0.50000000E-005  0.50000000E-005
 3651997   2  0.50000000E-005  0.50000000E-005  0.50000000E-005  0.50000000E-005  0.50000000E-005  0.50000000E-005  0.50000000E-005  0.50000000E-005
 3651997   2  0.56327451E-007  0.75117357E-005  0.38237074E-003  0.00000000E+000  0.00000000E+000  0.00000000E+000  0.00000000E+000  0.00000000E+000
 3651997   2  0.10000000E-002  0.10000000E-002  0.19396968E-002  0.10000000E-002  0.10000000E-002  0.10000000E-002  0.10000000E-002  0.10000000E-002
 3651997   2  0.34693211E-011  0.65674021E-007  0.44171704E-005  0.00000000E+000  0.00000000E+000  0.00000000E+000  0.00000000E+000  0.00000000E+000
 3651997   2 -0.34693211E-011 -0.26466335E-007 -0.43993932E-005  0.00000000E+000  0.00000000E+000  0.00000000E+000  0.00000000E+000  0.00000000E+000
 3651997   2  0.34693211E-011  0.26466335E-007  0.43993932E-005  0.00000000E+000  0.00000000E+000  0.00000000E+000  0.00000000E+000  0.00000000E+000
 3651997   2  0.00000000E+000  0.00000000E+000  0.00000000E+000  0.00000000E+000  0.00000000E+000  0.00000000E+000  0.00000000E+000  0.00000000E+000
 3651997   2  0.00000000E+000  0.00000000E+000  0.00000000E+000  0.00000000E+000  0.00000000E+000  0.00000000E+000  0.00000000E+000  0.00000000E+000
 3651997   2  0.00000000E+000  0.00000000E+000  0.00000000E+000  0.00000000E+000  0.00000000E+000  0.00000000E+000  0.00000000E+000  0.00000000E+000
 3651997   2  0.00000000E+000  0.00000000E+000  0.00000000E+000  0.00000000E+000  0.00000000E+000  0.00000000E+000  0.00000000E+000  0.00000000E+000
 3651997   2  0.00000000E+000  0.00000000E+000  0.00000000E+000  0.00000000E+000  0.00000000E+000  0.00000000E+000  0.00000000E+000  0.00000000E+000
 3651997   2  0.20206295E-007  0.69177219E-007  0.35554100E-006  0.00000000E+000  0.00000000E+000  0.00000000E+000  0.00000000E+000  0.00000000E+000
 3651997   2  0.00000000E+000  0.00000000E+000  0.00000000E+000  0.00000000E+000  0.00000000E+000  0.00000000E+000  0.00000000E+000  0.00000000E+000
 3651997   2  0.00000000E+000  0.00000000E+000  0.00000000E+000  0.00000000E+000  0.00000000E+000  0.00000000E+000  0.00000000E+000  0.00000000E+000
 3651997   2  0.00000000E+000  0.00000000E+000  0.00000000E+000  0.00000000E+000  0.00000000E+000  0.00000000E+000  0.00000000E+000  0.00000000E+000
 3651997   2  0.00000000E+000  0.00000000E+000  0.00000000E+000  0.00000000E+000  0.00000000E+000  0.00000000E+000  0.00000000E+000  0.00000000E+000
 3651997   2  0.39435544E-005  0.39381904E-003  0.17694014E-001  0.00000000E+000  0.00000000E+000  0.00000000E+000  0.00000000E+000  0.00000000E+000
 3651997   2  0.39810724E-002  0.58634909E-001  0.70874635E-001  0.00000000E+000  0.00000000E+000  0.00000000E+000  0.00000000E+000  0.00000000E+000
 3651997   2  0.24647215E-006  0.24613690E-004  0.11058759E-002  0.00000000E+000  0.00000000E+000  0.00000000E+000  0.00000000E+000  0.00000000E+000
 3651997   2  0.11773974E-010  0.20464059E-006  0.11566574E-004  0.00000000E+000  0.00000000E+000  0.00000000E+000  0.00000000E+000  0.00000000E+000
 3651997   2  0.00000000E+000  0.49157332E-008  0.83204270E-006  0.00000000E+000  0.00000000E+000  0.00000000E+000  0.00000000E+000  0.00000000E+000
 3651997   2  0.00000000E+000  0.15231710E-007  0.25495531E-005  0.00000000E+000  0.00000000E+000  0.00000000E+000  0.00000000E+000  0.00000000E+000
 3651997   2  0.00000000E+000  0.33195874E-008  0.51222508E-006  0.00000000E+000  0.00000000E+000  0.00000000E+000  0.00000000E+000  0.00000000E+000
 3651997   2  0.00000000E+000  0.21529256E-009  0.21366853E-007  0.00000000E+000  0.00000000E+000  0.00000000E+000  0.00000000E+000  0.00000000E+000
 3651997   2  0.00000000E+000  0.15938341E-008  0.26573512E-006  0.00000000E+000  0.00000000E+000  0.00000000E+000  0.00000000E+000  0.00000000E+000
 3651997   2  0.00000000E+000  0.50292607E-008  0.90667659E-006  0.00000000E+000  0.00000000E+000  0.00000000E+000  0.00000000E+000  0.00000000E+000
 3651997   2  0.00000000E+000  0.00000000E+000  0.00000000E+000  0.00000000E+000  0.00000000E+000  0.00000000E+000  0.00000000E+000  0.00000000E+000
 3651997   2  0.00000000E+000  0.00000000E+000  0.00000000E+000  0.00000000E+000  0.00000000E+000  0.00000000E+000  0.00000000E+000  0.00000000E+000
 3651997   2  0.00000000E+000  0.39706733E+000  0.99590768E+000  0.10000000E+001  0.10000000E+001  0.10000000E+001  0.10000000E+001  0.10000000E+001
 3651997   2  0.39771289E-002  0.58241090E-001  0.53180621E-001  0.00000000E+000  0.00000000E+000  0.00000000E+000  0.00000000E+000  0.00000000E+000
 3651997   2  0.32228970E-003  0.47063582E-002  0.43500550E-002  0.00000000E+000  0.00000000E+000  0.00000000E+000  0.00000000E+000  0.00000000E+000
 3651997   2  0.40021749E-004  0.58564893E-003  0.54073673E-003  0.00000000E+000  0.00000000E+000  0.00000000E+000  0.00000000E+000  0.00000000E+000
 3651997   2  0.20000000E-001  0.20000000E-001
 3651997   2  0.00000000E+000  0.00000000E+000
 3651997   2  0.00000000E+000  0.00000000E+000
 3651997   2  0.00000000E+000  0.00000000E+000
 3651997   2  0.25100000E+006  0.10040000E+007  0.25100000E+007  0.00000000E+000  0.00000000E+000  0.00000000E+000  0.00000000E+000  0.00000000E+000
 3651997   2  0.00000000E+000  0.00000000E+000  0.00000000E+000  0.00000000E+000  0.00000000E+000  0.00000000E+000  0.00000000E+000  0.00000000E+000
 3651997   2  0.00000000E+000  0.00000000E+000  0.00000000E+000  0.00000000E+000  0.00000000E+000  0.00000000E+000  0.00000000E+000  0.00000000E+000
 3651997   2  0.00000000E+000  0.00000000E+000  0.00000000E+000  0.00000000E+000  0.00000000E+000  0.00000000E+000  0.00000000E+000  0.00000000E+000
 3651997   2  0.00000000E+000  0.00000000E+000  0.00000000E+000  0.00000000E+000  0.00000000E+000  0.00000000E+000  0.00000000E+000  0.00000000E+000
 3651997   2  0.22619642E-005  0.21614881E-003  0.17694014E-001  0.00000000E+000  0.00000000E+000  0.00000000E+000  0.00000000E+000  0.00000000E+000
 3651997   2  0.56549104E-007  0.54037201E-005  0.44235036E-003  0.00000000E+000  0.00000000E+000  0.00000000E+000  0.00000000E+000  0.00000000E+000
 3651997   2  0.56549104E-008  0.54037201E-006  0.44235036E-004  0.00000000E+000  0.00000000E+000  0.00000000E+000  0.00000000E+000  0.00000000E+000
 3651997   2  0.44074213E+000  0.53270690E+002  0.48686390E+004  0.00000000E+000  0.00000000E+000  0.00000000E+000  0.00000000E+000  0.00000000E+000
 3651997   2  0.25100000E+006  0.10040000E+007  0.00000000E+000  0.00000000E+000  0.00000000E+000  0.00000000E+000  0.00000000E+000  0.00000000E+000
 3651997   2  0.00000000E+000  0.00000000E+000  0.00000000E+000  0.00000000E+000  0.00000000E+000  0.00000000E+000  0.00000000E+000  0.00000000E+000
 3651997   2  0.00000000E+000  0.00000000E+000  0.00000000E+000  0.00000000E+000  0.00000000E+000  0.00000000E+000  0.00000000E+000  0.00000000E+000
 3651997   2  0.00000000E+000  0.00000000E+000  0.00000000E+000  0.00000000E+000  0.00000000E+000  0.00000000E+000  0.00000000E+000  0.00000000E+000
 3651997   2  0.00000000E+000  0.00000000E+000  0.00000000E+000  0.00000000E+000  0.00000000E+000  0.00000000E+000  0.00000000E+000  0.00000000E+000
 3651997   2  0.16815902E-005  0.17767023E-003  0.00000000E+000  0.00000000E+000  0.00000000E+000  0.00000000E+000  0.00000000E+000  0.00000000E+000
 3651997   2  0.42039755E-007  0.44417558E-005  0.00000000E+000  0.00000000E+000  0.00000000E+000  0.00000000E+000  0.00000000E+000  0.00000000E+000
 3651997   2  0.42039755E-008  0.44417558E-006  0.00000000E+000  0.00000000E+000  0.00000000E+000  0.00000000E+000  0.00000000E+000  0.00000000E+000
 3651997   2  0.27646240E+000  0.42374521E+002  0.00000000E+000  0.00000000E+000  0.00000000E+000  0.00000000E+000  0.00000000E+000  0.00000000E+000
 3651997   2  0.00000000E+000  0.00000000E+000  0.00000000E+000  0.00000000E+000  0.00000000E+000  0.00000000E+000  0.00000000E+000  0.00000000E+000
 3651997   2  0.00000000E+000  0.00000000E+000  0.00000000E+000  0.00000000E+000  0.00000000E+000  0.00000000E+000  0.00000000E+000  0.00000000E+000
 3651997   2  0.00000000E+000  0.00000000E+000  0.00000000E+000  0.00000000E+000  0.00000000E+000  0.00000000E+000  0.00000000E+000  0.00000000E+000
 3651997   2  0.00000000E+000  0.00000000E+000  0.00000000E+000  0.00000000E+000  0.00000000E+000  0.00000000E+000  0.00000000E+000  0.00000000E+000
 3651997   2  0.00000000E+000  0.00000000E+000  0.00000000E+000  0.00000000E+000  0.00000000E+000  0.00000000E+000  0.00000000E+000  0.00000000E+000
 3651997   2  0.00000000E+000  0.00000000E+000  0.00000000E+000  0.00000000E+000  0.00000000E+000  0.00000000E+000  0.00000000E+000  0.00000000E+000
 3652002   2 -0.15076860E+001 -0.13404873E+001 -0.10000000E-001 -0.10000000E-001 -0.10000000E-001 -0.10000000E-001 -0.10000000E-001 -0.10000000E-001
 3652002   2 -0.24421440E+001 -0.23584120E+001 -0.12600000E+001 -0.12600000E+001 -0.12600000E+001 -0.12600000E+001 -0.12600000E+001 -0.12600000E+001
 3652002   2  0.93445798E+000  0.10179247E+001  0.12500000E+001  0.12500000E+001  0.12500000E+001  0.12500000E+001  0.12500000E+001  0.12500000E+001
 3652002   2  0.40000000E+003  0.40000000E+003  0.00000000E+000  0.00000000E+000  0.00000000E+000  0.00000000E+000  0.00000000E+000  0.00000000E+000
 3652002   2  0.25100000E+006  0.10040000E+007  0.00000000E+000  0.00000000E+000  0.00000000E+000  0.00000000E+000  0.00000000E+000  0.00000000E+000
 3652002   2  0.58379917E-002  0.12150849E+000  0.00000000E+000  0.00000000E+000  0.00000000E+000  0.00000000E+000  0.00000000E+000  0.00000000E+000
 3652002   2  0.58379917E+000  0.30377121E+001  0.00000000E+000  0.00000000E+000  0.00000000E+000  0.00000000E+000  0.00000000E+000  0.00000000E+000
 3652002   2  0.73371880E-008  0.82998576E-005  0.00000000E+000  0.00000000E+000  0.00000000E+000  0.00000000E+000  0.00000000E+000  0.00000000E+000
 3652002   2  0.66034692E-007  0.74698718E-004  0.00000000E+000  0.00000000E+000  0.00000000E+000  0.00000000E+000  0.00000000E+000  0.00000000E+000
 3652002   2  0.20000000E-003  0.20000000E-003  0.20000000E-003  0.20000000E-003  0.20000000E-003  0.20000000E-003  0.20000000E-003  0.20000000E-003
 3652002   2  0.10000000E-003  0.10000000E-003  0.10000000E-003  0.10000000E-003  0.10000000E-003  0.10000000E-003  0.10000000E-003  0.10000000E-003
 3652002   2  0.36680102E-005  0.28060052E-003  0.00000000E+000  0.00000000E+000  0.00000000E+000  0.00000000E+000  0.00000000E+000  0.00000000E+000
 3652002   2  0.10000000E-002  0.10000000E-002  0.10000000E-002  0.10000000E-002  0.10000000E-002  0.10000000E-002  0.10000000E-002  0.10000000E-002
 3652002   2  0.22592196E-005  0.33490703E-004  0.00000000E+000  0.00000000E+000  0.00000000E+000  0.00000000E+000  0.00000000E+000  0.00000000E+000
 3652002   2 -0.22490375E-005 -0.33347067E-004  0.00000000E+000  0.00000000E+000  0.00000000E+000  0.00000000E+000  0.00000000E+000  0.00000000E+000
 3652002   2  0.22490375E-005  0.33347067E-004  0.00000000E+000  0.00000000E+000  0.00000000E+000  0.00000000E+000  0.00000000E+000  0.00000000E+000
 3652002   2  0.11399385E-007  0.41311008E-005  0.00000000E+000  0.00000000E+000  0.00000000E+000  0.00000000E+000  0.00000000E+000  0.00000000E+000
 3652002   2  0.28587989E-005  0.24572142E-002  0.00000000E+000  0.00000000E+000  0.00000000E+000  0.00000000E+000  0.00000000E+000  0.00000000E+000
 3652002   2  0.92648065E-011  0.45528879E-008  0.00000000E+000  0.00000000E+000  0.00000000E+000  0.00000000E+000  0.00000000E+000  0.00000000E+000
 3652002   2  0.37374043E-011  0.31623157E-008  0.00000000E+000  0.00000000E+000  0.00000000E+000  0.00000000E+000  0.00000000E+000  0.00000000E+000
 3652002   2 -0.39043762E-007  0.12775223E-011  0.00000000E+000  0.00000000E+000  0.00000000E+000  0.00000000E+000  0.00000000E+000  0.00000000E+000
 3652002   2  0.60871750E-006  0.65962029E-004  0.00000000E+000  0.00000000E+000  0.00000000E+000  0.00000000E+000  0.00000000E+000  0.00000000E+000
 3652002   2  0.12084068E-005  0.11046999E-002  0.00000000E+000  0.00000000E+000  0.00000000E+000  0.00000000E+000  0.00000000E+000  0.00000000E+000
 3652002   2  0.48839709E-011  0.23804238E-008  0.00000000E+000  0.00000000E+000  0.00000000E+000  0.00000000E+000  0.00000000E+000  0.00000000E+000
 3652002   2  0.49591457E-010  0.37844534E-007  0.00000000E+000  0.00000000E+000  0.00000000E+000  0.00000000E+000  0.00000000E+000  0.00000000E+000
 3652002   2  0.21469248E-009  0.50476274E-008  0.00000000E+000  0.00000000E+000  0.00000000E+000  0.00000000E+000  0.00000000E+000  0.00000000E+000
 3652002   2  0.35109150E-002  0.88227387E-001  0.00000000E+000  0.00000000E+000  0.00000000E+000  0.00000000E+000  0.00000000E+000  0.00000000E+000
 3652002   2  0.64931885E-001  0.67237640E+000  0.00000000E+000  0.00000000E+000  0.00000000E+000  0.00000000E+000  0.00000000E+000  0.00000000E+000
 3652002   2  0.21943219E-003  0.55142117E-002  0.00000000E+000  0.00000000E+000  0.00000000E+000  0.00000000E+000  0.00000000E+000  0.00000000E+000
 3652002   2  0.81995713E-005  0.99608633E-004  0.00000000E+000  0.00000000E+000  0.00000000E+000  0.00000000E+000  0.00000000E+000  0.00000000E+000
 3652002   2  0.21108526E-007  0.64390947E-006  0.00000000E+000  0.00000000E+000  0.00000000E+000  0.00000000E+000  0.00000000E+000  0.00000000E+000
 3652002   2  0.10483079E-006  0.74805632E-005  0.00000000E+000  0.00000000E+000  0.00000000E+000  0.00000000E+000  0.00000000E+000  0.00000000E+000
 3652002   2  0.23102652E-007  0.18599752E-005  0.00000000E+000  0.00000000E+000  0.00000000E+000  0.00000000E+000  0.00000000E+000  0.00000000E+000
 3652002   2  0.19172932E-008  0.14644086E-006  0.00000000E+000  0.00000000E+000  0.00000000E+000  0.00000000E+000  0.00000000E+000  0.00000000E+000
 3652002   2  0.39897660E-008  0.30599847E-006  0.00000000E+000  0.00000000E+000  0.00000000E+000  0.00000000E+000  0.00000000E+000  0.00000000E+000
 3652002   2  0.18894919E-007  0.25473037E-005  0.00000000E+000  0.00000000E+000  0.00000000E+000  0.00000000E+000  0.00000000E+000  0.00000000E+000
 3652002   2  0.00000000E+000  0.00000000E+000  0.00000000E+000  0.00000000E+000  0.00000000E+000  0.00000000E+000  0.00000000E+000  0.00000000E+000
 3652002   2  0.00000000E+000  0.00000000E+000  0.00000000E+000  0.00000000E+000  0.00000000E+000  0.00000000E+000  0.00000000E+000  0.00000000E+000
 3652002   2  0.99547214E+000  0.99566806E+000  0.10000000E+001  0.10000000E+001  0.10000000E+001  0.10000000E+001  0.10000000E+001  0.10000000E+001
 3652002   2  0.61420970E-001  0.58414901E+000  0.00000000E+000  0.00000000E+000  0.00000000E+000  0.00000000E+000  0.00000000E+000  0.00000000E+000
 3652002   2  0.41121383E-002  0.39388962E-001  0.00000000E+000  0.00000000E+000  0.00000000E+000  0.00000000E+000  0.00000000E+000  0.00000000E+000
 3652002   2  0.44601200E-003  0.42824326E-002  0.00000000E+000  0.00000000E+000  0.00000000E+000  0.00000000E+000  0.00000000E+000  0.00000000E+000
 3652002   2  0.39114600E-001
 3652002   2  0.44332444E-001
 3652002   2  0.11083111E-002
 3652002   2  0.11083111E-003
 3652002   2  0.25100000E+006  0.10040000E+007  0.00000000E+000  0.00000000E+000  0.00000000E+000  0.00000000E+000  0.00000000E+000  0.00000000E+000
 3652002   2  0.00000000E+000  0.19114600E-001  0.00000000E+000  0.00000000E+000  0.00000000E+000  0.00000000E+000  0.00000000E+000  0.00000000E+000
 3652002   2  0.00000000E+000  0.44332444E-001  0.00000000E+000  0.00000000E+000  0.00000000E+000  0.00000000E+000  0.00000000E+000  0.00000000E+000
 3652002   2  0.00000000E+000  0.11083111E-002  0.00000000E+000  0.00000000E+000  0.00000000E+000  0.00000000E+000  0.00000000E+000  0.00000000E+000
 3652002   2  0.00000000E+000  0.11083111E-003  0.00000000E+000  0.00000000E+000  0.00000000E+000  0.00000000E+000  0.00000000E+000  0.00000000E+000
 3652002   2  0.35109150E-002  0.43894943E-001  0.00000000E+000  0.00000000E+000  0.00000000E+000  0.00000000E+000  0.00000000E+000  0.00000000E+000
 3652002   2  0.87772876E-004  0.10973736E-002  0.00000000E+000  0.00000000E+000  0.00000000E+000  0.00000000E+000  0.00000000E+000  0.00000000E+000
 3652002   2  0.87772876E-005  0.10973736E-003  0.00000000E+000  0.00000000E+000  0.00000000E+000  0.00000000E+000  0.00000000E+000  0.00000000E+000
 3652002   2  0.23351967E+001  0.30241700E+002  0.00000000E+000  0.00000000E+000  0.00000000E+000  0.00000000E+000  0.00000000E+000  0.00000000E+000
 3652002   2 -0.15178213E+001 -0.13353495E+001 -0.10000000E-001 -0.10000000E-001 -0.10000000E-001 -0.10000000E-001 -0.10000000E-001 -0.10000000E-001
 3652002   2 -0.24484692E+001 -0.23594808E+001 -0.12600000E+001 -0.12600000E+001 -0.12600000E+001 -0.12600000E+001 -0.12600000E+001 -0.12600000E+001
 3652002   2  0.93064793E+000  0.10241313E+001  0.12500000E+001  0.12500000E+001  0.12500000E+001  0.12500000E+001  0.12500000E+001  0.12500000E+001
 3652002   2  0.00000000E+000  0.00000000E+000  0.00000000E+000  0.00000000E+000  0.00000000E+000  0.00000000E+000  0.00000000E+000  0.00000000E+000
 3652002   2  0.25100000E+006  0.10040000E+007  0.00000000E+000  0.00000000E+000  0.00000000E+000  0.00000000E+000  0.00000000E+000  0.00000000E+000
 3652002   2  0.20610203E-002  0.91209838E-002  0.00000000E+000  0.00000000E+000  0.00000000E+000  0.00000000E+000  0.00000000E+000  0.00000000E+000
 3652002   2  0.20610203E+000  0.22802459E+000  0.00000000E+000  0.00000000E+000  0.00000000E+000  0.00000000E+000  0.00000000E+000  0.00000000E+000
 3652002   2  0.97818466E-011  0.67466230E-010  0.00000000E+000  0.00000000E+000  0.00000000E+000  0.00000000E+000  0.00000000E+000  0.00000000E+000
 3652002   2  0.88036619E-010  0.60719607E-009  0.00000000E+000  0.00000000E+000  0.00000000E+000  0.00000000E+000  0.00000000E+000  0.00000000E+000
 3652002   2  0.50000000E-005  0.50000000E-005  0.50000000E-005  0.50000000E-005  0.50000000E-005  0.50000000E-005  0.50000000E-005  0.50000000E-005
 3652002   2  0.50000000E-005  0.50000000E-005  0.50000000E-005  0.50000000E-005  0.50000000E-005  0.50000000E-005  0.50000000E-005  0.50000000E-005
 3652002   2  0.64746953E-007  0.28653570E-006  0.00000000E+000  0.00000000E+000  0.00000000E+000  0.00000000E+000  0.00000000E+000  0.00000000E+000
 3652002   2  0.10000000E-002  0.10000000E-002  0.10000000E-002  0.10000000E-002  0.10000000E-002  0.10000000E-002  0.10000000E-002  0.10000000E-002
 3652002   2  0.10800515E-006  0.11294810E-005  0.00000000E+000  0.00000000E+000  0.00000000E+000  0.00000000E+000  0.00000000E+000  0.00000000E+000
 3652002   2 -0.29532887E-009 -0.24818767E-007  0.00000000E+000  0.00000000E+000  0.00000000E+000  0.00000000E+000  0.00000000E+000  0.00000000E+000
 3652002   2  0.29532887E-009  0.24818767E-007  0.00000000E+000  0.00000000E+000  0.00000000E+000  0.00000000E+000  0.00000000E+000  0.00000000E+000
 3652002   2  0.00000000E+000  0.00000000E+000  0.00000000E+000  0.00000000E+000  0.00000000E+000  0.00000000E+000  0.00000000E+000  0.00000000E+000
 3652002   2  0.00000000E+000  0.00000000E+000  0.00000000E+000  0.00000000E+000  0.00000000E+000  0.00000000E+000  0.00000000E+000  0.00000000E+000
 3652002   2  0.00000000E+000  0.00000000E+000  0.00000000E+000  0.00000000E+000  0.00000000E+000  0.00000000E+000  0.00000000E+000  0.00000000E+000
 3652002   2  0.00000000E+000  0.00000000E+000  0.00000000E+000  0.00000000E+000  0.00000000E+000  0.00000000E+000  0.00000000E+000  0.00000000E+000
 3652002   2  0.00000000E+000  0.00000000E+000  0.00000000E+000  0.00000000E+000  0.00000000E+000  0.00000000E+000  0.00000000E+000  0.00000000E+000
 3652002   2  0.18675106E-007  0.61912397E-008  0.00000000E+000  0.00000000E+000  0.00000000E+000  0.00000000E+000  0.00000000E+000  0.00000000E+000
 3652002   2  0.00000000E+000  0.00000000E+000  0.00000000E+000  0.00000000E+000  0.00000000E+000  0.00000000E+000  0.00000000E+000  0.00000000E+000
 3652002   2  0.00000000E+000  0.00000000E+000  0.00000000E+000  0.00000000E+000  0.00000000E+000  0.00000000E+000  0.00000000E+000  0.00000000E+000
 3652002   2  0.00000000E+000  0.00000000E+000  0.00000000E+000  0.00000000E+000  0.00000000E+000  0.00000000E+000  0.00000000E+000  0.00000000E+000
 3652002   2  0.00000000E+000  0.00000000E+000  0.00000000E+000  0.00000000E+000  0.00000000E+000  0.00000000E+000  0.00000000E+000  0.00000000E+000
 3652002   2  0.47298563E-005  0.29644444E-004  0.00000000E+000  0.00000000E+000  0.00000000E+000  0.00000000E+000  0.00000000E+000  0.00000000E+000
 3652002   2  0.30750110E-002  0.29237398E-001  0.00000000E+000  0.00000000E+000  0.00000000E+000  0.00000000E+000  0.00000000E+000  0.00000000E+000
 3652002   2  0.29561602E-006  0.18527778E-005  0.00000000E+000  0.00000000E+000  0.00000000E+000  0.00000000E+000  0.00000000E+000  0.00000000E+000
 3652002   2  0.39626961E-006  0.34009568E-005  0.00000000E+000  0.00000000E+000  0.00000000E+000  0.00000000E+000  0.00000000E+000  0.00000000E+000
 3652002   2  0.18493626E-011  0.25100554E-010  0.00000000E+000  0.00000000E+000  0.00000000E+000  0.00000000E+000  0.00000000E+000  0.00000000E+000
 3652002   2  0.50449980E-011  0.16768911E-009  0.00000000E+000  0.00000000E+000  0.00000000E+000  0.00000000E+000  0.00000000E+000  0.00000000E+000
 3652002   2  0.11116062E-011  0.41736190E-010  0.00000000E+000  0.00000000E+000  0.00000000E+000  0.00000000E+000  0.00000000E+000  0.00000000E+000
 3652002   2  0.92794913E-013  0.33029906E-011  0.00000000E+000  0.00000000E+000  0.00000000E+000  0.00000000E+000  0.00000000E+000  0.00000000E+000
 3652002   2  0.34836192E-012  0.11247067E-010  0.00000000E+000  0.00000000E+000  0.00000000E+000  0.00000000E+000  0.00000000E+000  0.00000000E+000
 3652002   2  0.90931170E-012  0.57102430E-010  0.00000000E+000  0.00000000E+000  0.00000000E+000  0.00000000E+000  0.00000000E+000  0.00000000E+000
 3652002   2  0.00000000E+000  0.00000000E+000  0.00000000E+000  0.00000000E+000  0.00000000E+000  0.00000000E+000  0.00000000E+000  0.00000000E+000
 3652002   2  0.00000000E+000  0.00000000E+000  0.00000000E+000  0.00000000E+000  0.00000000E+000  0.00000000E+000  0.00000000E+000  0.00000000E+000
 3652002   2  0.27251958E-002  0.21960965E-001  0.10000000E+001  0.10000000E+001  0.10000000E+001  0.10000000E+001  0.10000000E+001  0.10000000E+001
 3652002   2  0.30702812E-002  0.29207754E-001  0.00000000E+000  0.00000000E+000  0.00000000E+000  0.00000000E+000  0.00000000E+000  0.00000000E+000
 3652002   2  0.20736287E-003  0.19738469E-002  0.00000000E+000  0.00000000E+000  0.00000000E+000  0.00000000E+000  0.00000000E+000  0.00000000E+000
 3652002   2  0.22532393E-004  0.21459154E-003  0.00000000E+000  0.00000000E+000  0.00000000E+000  0.00000000E+000  0.00000000E+000  0.00000000E+000
 3652002   2  0.20000000E-001
 3652002   2  0.00000000E+000
 3652002   2  0.00000000E+000
 3652002   2  0.00000000E+000
 3652002   2  0.25100000E+006  0.10040000E+007  0.00000000E+000  0.00000000E+000  0.00000000E+000  0.00000000E+000  0.00000000E+000  0.00000000E+000
 3652002   2  0.00000000E+000  0.00000000E+000  0.00000000E+000  0.00000000E+000  0.00000000E+000  0.00000000E+000  0.00000000E+000  0.00000000E+000
 3652002   2  0.00000000E+000  0.00000000E+000  0.00000000E+000  0.00000000E+000  0.00000000E+000  0.00000000E+000  0.00000000E+000  0.00000000E+000
 3652002   2  0.00000000E+000  0.00000000E+000  0.00000000E+000  0.00000000E+000  0.00000000E+000  0.00000000E+000  0.00000000E+000  0.00000000E+000
 3652002   2  0.00000000E+000  0.00000000E+000  0.00000000E+000  0.00000000E+000  0.00000000E+000  0.00000000E+000  0.00000000E+000  0.00000000E+000
 3652002   2  0.47298563E-005  0.29644444E-004  0.00000000E+000  0.00000000E+000  0.00000000E+000  0.00000000E+000  0.00000000E+000  0.00000000E+000
 3652002   2  0.11824641E-006  0.74111111E-006  0.00000000E+000  0.00000000E+000  0.00000000E+000  0.00000000E+000  0.00000000E+000  0.00000000E+000
 3652002   2  0.11824641E-007  0.74111111E-007  0.00000000E+000  0.00000000E+000  0.00000000E+000  0.00000000E+000  0.00000000E+000  0.00000000E+000
 3652002   2  0.82440813E+000  0.36483935E+001  0.00000000E+000  0.00000000E+000  0.00000000E+000  0.00000000E+000  0.00000000E+000  0.00000000E+000
 3652002   2  0.00000000E+000  0.00000000E+000  0.00000000E+000  0.00000000E+000  0.00000000E+000  0.00000000E+000  0.00000000E+000  0.00000000E+000
 3652002   2  0.00000000E+000  0.00000000E+000  0.00000000E+000  0.00000000E+000  0.00000000E+000  0.00000000E+000  0.00000000E+000  0.00000000E+000
 3652002   2  0.00000000E+000  0.00000000E+000  0.00000000E+000  0.00000000E+000  0.00000000E+000  0.00000000E+000  0.00000000E+000  0.00000000E+000
 3652002   2  0.00000000E+000  0.00000000E+000  0.00000000E+000  0.00000000E+000  0.00000000E+000  0.00000000E+000  0.00000000E+000  0.00000000E+000
 3652002   2  0.00000000E+000  0.00000000E+000  0.00000000E+000  0.00000000E+000  0.00000000E+000  0.00000000E+000  0.00000000E+000  0.00000000E+000
 3652002   2  0.00000000E+000  0.00000000E+000  0.00000000E+000  0.00000000E+000  0.00000000E+000  0.00000000E+000  0.00000000E+000  0.00000000E+000
 3662012   2 -0.91459504E+000 -0.83938699E+000 -0.53878860E+000 -0.35564555E-001 -0.10000000E-001 -0.10000000E-001 -0.10000000E-001 -0.10000000E-001
 3662012   2 -0.21359558E+001 -0.20984156E+001 -0.19484784E+001 -0.16852797E+001 -0.12600000E+001 -0.12600000E+001 -0.12600000E+001 -0.12600000E+001
 3662012   2  0.12213608E+001  0.12590286E+001  0.14096898E+001  0.16497152E+001  0.12500000E+001  0.12500000E+001  0.12500000E+001  0.12500000E+001
 3662012   2  0.12000000E+004  0.12000000E+004  0.12000000E+004  0.40000000E+003  0.00000000E+000  0.00000000E+000  0.00000000E+000  0.00000000E+000
 3662012   2  0.75300000E+006  0.30120000E+007  0.75300000E+007  0.25100000E+007  0.00000000E+000  0.00000000E+000  0.00000000E+000  0.00000000E+000
 3662012   2  0.28766221E+000  0.21513193E+001  0.10862226E+001  0.14835194E-002  0.00000000E+000  0.00000000E+000  0.00000000E+000  0.00000000E+000
 3662012   2  0.28766221E+002  0.53782983E+002  0.10862226E+002  0.14835194E-001  0.00000000E+000  0.00000000E+000  0.00000000E+000  0.00000000E+000
 3662012   2  0.44378571E-006  0.12266621E-004  0.37163485E-005  0.58214521E-008  0.00000000E+000  0.00000000E+000  0.00000000E+000  0.00000000E+000
 3662012   2  0.39940714E-005  0.11039959E-003  0.33447136E-004  0.52393069E-007  0.00000000E+000  0.00000000E+000  0.00000000E+000  0.00000000E+000
 3662012   2  0.20000000E-003  0.20000000E-003  0.20000000E-003  0.20000000E-003  0.20000000E-003  0.20000000E-003  0.20000000E-003  0.20000000E-003
 3662012   2  0.10000000E-003  0.10000000E-003  0.10000000E-003  0.10000000E-003  0.10000000E-003  0.10000000E-003  0.10000000E-003  0.10000000E-003
 3662012   2  0.18073817E-003  0.16446679E-002  0.89366699E-003  0.12094302E-005  0.00000000E+000  0.00000000E+000  0.00000000E+000  0.00000000E+000
 3662012   2  0.10000000E-002  0.10000000E-002  0.10000000E-002  0.10000000E-002  0.10000000E-002  0.10000000E-002  0.10000000E-002  0.10000000E-002
 3662012   2  0.19215580E-004  0.16585668E-003  0.92044932E-004  0.10740139E-004  0.00000000E+000  0.00000000E+000  0.00000000E+000  0.00000000E+000
 3662012   2 -0.19136569E-004 -0.16513527E-003 -0.91631634E-004 -0.10687449E-004  0.00000000E+000  0.00000000E+000  0.00000000E+000  0.00000000E+000
 3662012   2  0.19136569E-004  0.16513527E-003  0.91631634E-004  0.10687449E-004  0.00000000E+000  0.00000000E+000  0.00000000E+000  0.00000000E+000
 3662012   2  0.33682970E-006  0.11130364E-004  0.38064511E-005  0.63409225E-008  0.00000000E+000  0.00000000E+000  0.00000000E+000  0.00000000E+000
 3662012   2  0.13935215E-003  0.36436481E-002  0.10790121E-002  0.16944527E-005  0.00000000E+000  0.00000000E+000  0.00000000E+000  0.00000000E+000
 3662012   2  0.44019387E-009  0.27867402E-008  0.10278744E-008  0.46372906E-011  0.00000000E+000  0.00000000E+000  0.00000000E+000  0.00000000E+000
 3662012   2  0.20353069E-009  0.44701075E-008  0.13531516E-008  0.21265383E-011  0.00000000E+000  0.00000000E+000  0.00000000E+000  0.00000000E+000
 3662012   2  0.94185294E-012  0.98143223E-012 -0.32244465E-007 -0.14621887E-008  0.00000000E+000  0.00000000E+000  0.00000000E+000  0.00000000E+000
 3662012   2  0.98179166E-005  0.17584620E-003  0.59585724E-004  0.12512423E-006  0.00000000E+000  0.00000000E+000  0.00000000E+000  0.00000000E+000
 3662012   2  0.61275186E-004  0.16240290E-002  0.47850854E-003  0.65707265E-006  0.00000000E+000  0.00000000E+000  0.00000000E+000  0.00000000E+000
 3662012   2  0.20977026E-009  0.13297763E-008  0.49903958E-009  0.86621123E-012  0.00000000E+000  0.00000000E+000  0.00000000E+000  0.00000000E+000
 3662012   2  0.29015510E-008  0.52759092E-007  0.15846439E-007  0.23613835E-010  0.00000000E+000  0.00000000E+000  0.00000000E+000  0.00000000E+000
 3662012   2  0.41984069E-009  0.25699586E-008  0.12137711E-008  0.26915912E-011  0.00000000E+000  0.00000000E+000  0.00000000E+000  0.00000000E+000
 3662012   2  0.16350907E+000  0.11160299E+001  0.71463725E+000  0.29650302E+000  0.00000000E+000  0.00000000E+000  0.00000000E+000  0.00000000E+000
 3662012   2  0.38743342E+000  0.28362587E+001  0.18556771E+001  0.31535848E+000  0.00000000E+000  0.00000000E+000  0.00000000E+000  0.00000000E+000
 3662012   2  0.10219317E-001  0.69751866E-001  0.36181574E-001  0.68041279E-004  0.00000000E+000  0.00000000E+000  0.00000000E+000  0.00000000E+000
 3662012   2  0.51187276E-004  0.44148096E-003  0.24552157E-003  0.28380367E-004  0.00000000E+000  0.00000000E+000  0.00000000E+000  0.00000000E+000
 3662012   2  0.56734362E-006  0.79232187E-006  0.79746284E-006  0.19344960E-010  0.00000000E+000  0.00000000E+000  0.00000000E+000  0.00000000E+000
 3662012   2  0.55774546E-005  0.48836496E-004  0.21867976E-004  0.19702035E-009  0.00000000E+000  0.00000000E+000  0.00000000E+000  0.00000000E+000
 3662012   2  0.94208962E-006  0.87484985E-005  0.39841595E-005  0.34924484E-010  0.00000000E+000  0.00000000E+000  0.00000000E+000  0.00000000E+000
 3662012   2  0.68466928E-007  0.62592155E-006  0.26540618E-006  0.23518960E-011  0.00000000E+000  0.00000000E+000  0.00000000E+000  0.00000000E+000
 3662012   2  0.92715033E-007  0.11228431E-005  0.47294033E-006  0.10867505E-010  0.00000000E+000  0.00000000E+000  0.00000000E+000  0.00000000E+000
 3662012   2  0.65885943E-006  0.92898082E-005  0.50557455E-005  0.30865038E-010  0.00000000E+000  0.00000000E+000  0.00000000E+000  0.00000000E+000
 3662012   2  0.00000000E+000  0.00000000E+000  0.00000000E+000  0.00000000E+000  0.00000000E+000  0.00000000E+000  0.00000000E+000  0.00000000E+000
 3662012   2  0.00000000E+000  0.00000000E+000  0.00000000E+000  0.00000000E+000  0.00000000E+000  0.00000000E+000  0.00000000E+000  0.00000000E+000
 3662012   2  0.99583960E+000  0.99566621E+000  0.99554444E+000  0.99509434E+000  0.10000000E+001  0.10000000E+001  0.10000000E+001  0.10000000E+001
 3662012   2  0.22392434E+000  0.15157594E+001  0.10500949E+001  0.31426982E+000  0.00000000E+000  0.00000000E+000  0.00000000E+000  0.00000000E+000
 3662012   2  0.20389061E-001  0.13899322E+000  0.10415605E+000  0.21311787E-001  0.00000000E+000  0.00000000E+000  0.00000000E+000  0.00000000E+000
 3662012   2  0.28918734E-002  0.19742042E-001  0.14779896E-001  0.30215992E-002  0.00000000E+000  0.00000000E+000  0.00000000E+000  0.00000000E+000
 3662012   2  0.15021842E+000  0.10805189E+000  0.59749190E-001
 3662012   2  0.29591365E+000  0.19936761E+000  0.90434915E-001
 3662012   2  0.73978411E-002  0.49841902E-002  0.22608729E-002
 3662012   2  0.73978411E-003  0.49841902E-003  0.22608729E-003
 3662012   2  0.25100000E+006  0.10040000E+007  0.25100000E+007  0.25100000E+007  0.00000000E+000  0.00000000E+000  0.00000000E+000  0.00000000E+000
 3662012   2  0.00000000E+000  0.29857310E-001  0.10014041E+000  0.22070267E-003  0.00000000E+000  0.00000000E+000  0.00000000E+000  0.00000000E+000
 3662012   2  0.00000000E+000  0.68737373E-001  0.22667699E+000  0.49928241E-003  0.00000000E+000  0.00000000E+000  0.00000000E+000  0.00000000E+000
 3662012   2  0.00000000E+000  0.17184343E-002  0.56669248E-002  0.12482060E-004  0.00000000E+000  0.00000000E+000  0.00000000E+000  0.00000000E+000
 3662012   2  0.00000000E+000  0.17184343E-003  0.56669248E-003  0.12482060E-005  0.00000000E+000  0.00000000E+000  0.00000000E+000  0.00000000E+000
 3662012   2  0.90312734E-001  0.67355969E+000  0.25878439E+000  0.58937805E-003  0.00000000E+000  0.00000000E+000  0.00000000E+000  0.00000000E+000
 3662012   2  0.22578184E-002  0.16838992E-001  0.64696097E-002  0.14734451E-004  0.00000000E+000  0.00000000E+000  0.00000000E+000  0.00000000E+000
 3662012   2  0.22578184E-003  0.16838992E-002  0.64696097E-003  0.14734451E-005  0.00000000E+000  0.00000000E+000  0.00000000E+000  0.00000000E+000
 3662012   2  0.63693730E+002  0.47473992E+003  0.18290730E+003  0.41684564E+000  0.00000000E+000  0.00000000E+000  0.00000000E+000  0.00000000E+000
 3662012   2  0.25100000E+006  0.10040000E+007  0.25100000E+007  0.00000000E+000  0.00000000E+000  0.00000000E+000  0.00000000E+000  0.00000000E+000
 3662012   2  0.00000000E+000  0.29897822E-001  0.58154064E-001  0.00000000E+000  0.00000000E+000  0.00000000E+000  0.00000000E+000  0.00000000E+000
 3662012   2  0.00000000E+000  0.67636050E-001  0.13173156E+000  0.00000000E+000  0.00000000E+000  0.00000000E+000  0.00000000E+000  0.00000000E+000
 3662012   2  0.00000000E+000  0.16909012E-002  0.32932889E-002  0.00000000E+000  0.00000000E+000  0.00000000E+000  0.00000000E+000  0.00000000E+000
 3662012   2  0.00000000E+000  0.16909012E-003  0.32932889E-003  0.00000000E+000  0.00000000E+000  0.00000000E+000  0.00000000E+000  0.00000000E+000
 3662012   2  0.55685465E-001  0.34257548E+000  0.14321528E+000  0.00000000E+000  0.00000000E+000  0.00000000E+000  0.00000000E+000  0.00000000E+000
 3662012   2  0.13921366E-002  0.85643870E-002  0.35803820E-002  0.00000000E+000  0.00000000E+000  0.00000000E+000  0.00000000E+000  0.00000000E+000
 3662012   2  0.13921366E-003  0.85643870E-003  0.35803820E-003  0.00000000E+000  0.00000000E+000  0.00000000E+000  0.00000000E+000  0.00000000E+000
 3662012   2  0.39191653E+002  0.24131973E+003  0.10114788E+003  0.00000000E+000  0.00000000E+000  0.00000000E+000  0.00000000E+000  0.00000000E+000
 3662012   2  0.25100000E+006  0.10040000E+007  0.25100000E+007  0.00000000E+000  0.00000000E+000  0.00000000E+000  0.00000000E+000  0.00000000E+000
 3662012   2  0.00000000E+000  0.29976371E-001  0.97728188E-002  0.00000000E+000  0.00000000E+000  0.00000000E+000  0.00000000E+000  0.00000000E+000
 3662012   2  0.00000000E+000  0.68096015E-001  0.22338901E-001  0.00000000E+000  0.00000000E+000  0.00000000E+000  0.00000000E+000  0.00000000E+000
 3662012   2  0.00000000E+000  0.17024004E-002  0.55847252E-003  0.00000000E+000  0.00000000E+000  0.00000000E+000  0.00000000E+000  0.00000000E+000
 3662012   2  0.00000000E+000  0.17024004E-003  0.55847252E-004  0.00000000E+000  0.00000000E+000  0.00000000E+000  0.00000000E+000  0.00000000E+000
 3662012   2  0.17510875E-001  0.99894682E-001  0.22835059E-001  0.00000000E+000  0.00000000E+000  0.00000000E+000  0.00000000E+000  0.00000000E+000
 3662012   2  0.43777188E-003  0.24973671E-002  0.57087648E-003  0.00000000E+000  0.00000000E+000  0.00000000E+000  0.00000000E+000  0.00000000E+000
 3662012   2  0.43777188E-004  0.24973671E-003  0.57087648E-004  0.00000000E+000  0.00000000E+000  0.00000000E+000  0.00000000E+000  0.00000000E+000
 3662012   2  0.12179503E+002  0.69612860E+002  0.15980009E+002  0.00000000E+000  0.00000000E+000  0.00000000E+000  0.00000000E+000  0.00000000E+000
 3662012   2 -0.94179269E+000 -0.85505789E+000 -0.53484382E+000 -0.35564221E-001 -0.10000000E-001 -0.10000000E-001 -0.10000000E-001 -0.10000000E-001
 3662012   2 -0.21647803E+001 -0.21202812E+001 -0.19474024E+001 -0.17011777E+001 -0.12600000E+001 -0.12600000E+001 -0.12600000E+001 -0.12600000E+001
 3662012   2  0.12229876E+001  0.12652233E+001  0.14125586E+001  0.16656135E+001  0.12500000E+001  0.12500000E+001  0.12500000E+001  0.12500000E+001
 3662012   2  0.00000000E+000  0.00000000E+000  0.00000000E+000  0.00000000E+000  0.00000000E+000  0.00000000E+000  0.00000000E+000  0.00000000E+000
 3662012   2  0.75300000E+006  0.30120000E+007  0.75300000E+007  0.25100000E+007  0.00000000E+000  0.00000000E+000  0.00000000E+000  0.00000000E+000
 3662012   2  0.12484534E-001  0.26610155E+001  0.24207012E+002  0.23204526E-001  0.00000000E+000  0.00000000E+000  0.00000000E+000  0.00000000E+000
 3662012   2  0.12484534E+001  0.66525387E+002  0.24207012E+003  0.23204526E+000  0.00000000E+000  0.00000000E+000  0.00000000E+000  0.00000000E+000
 3662012   2  0.51354889E-010  0.11017176E-007  0.10761460E-006  0.12143758E-009  0.00000000E+000  0.00000000E+000  0.00000000E+000  0.00000000E+000
 3662012   2  0.46219400E-009  0.99154581E-007  0.96853144E-006  0.10929382E-008  0.00000000E+000  0.00000000E+000  0.00000000E+000  0.00000000E+000
 3662012   2  0.50000000E-005  0.50000000E-005  0.50000000E-005  0.50000000E-005  0.50000000E-005  0.50000000E-005  0.50000000E-005  0.50000000E-005
 3662012   2  0.50000000E-005  0.50000000E-005  0.50000000E-005  0.50000000E-005  0.50000000E-005  0.50000000E-005  0.50000000E-005  0.50000000E-005
 3662012   2  0.39220164E-006  0.83595802E-004  0.76046328E-003  0.72897018E-006  0.00000000E+000  0.00000000E+000  0.00000000E+000  0.00000000E+000
 3662012   2  0.10000000E-002  0.10000000E-002  0.12858970E-002  0.10000000E-002  0.10000000E-002  0.10000000E-002  0.10000000E-002  0.10000000E-002
 3662012   2  0.63508831E-006  0.74578545E-005  0.32330180E-004  0.89804495E-006  0.00000000E+000  0.00000000E+000  0.00000000E+000  0.00000000E+000
 3662012   2 -0.22192486E-007 -0.74032802E-005 -0.32182910E-004 -0.89342532E-006  0.00000000E+000  0.00000000E+000  0.00000000E+000  0.00000000E+000
 3662012   2  0.22192486E-007  0.74032802E-005  0.32182910E-004  0.89342532E-006  0.00000000E+000  0.00000000E+000  0.00000000E+000  0.00000000E+000
 3662012   2  0.00000000E+000  0.00000000E+000  0.00000000E+000  0.00000000E+000  0.00000000E+000  0.00000000E+000  0.00000000E+000  0.00000000E+000
 3662012   2  0.00000000E+000  0.00000000E+000  0.00000000E+000  0.00000000E+000  0.00000000E+000  0.00000000E+000  0.00000000E+000  0.00000000E+000
 3662012   2  0.00000000E+000  0.00000000E+000  0.00000000E+000  0.00000000E+000  0.00000000E+000  0.00000000E+000  0.00000000E+000  0.00000000E+000
 3662012   2  0.00000000E+000  0.00000000E+000  0.00000000E+000  0.00000000E+000  0.00000000E+000  0.00000000E+000  0.00000000E+000  0.00000000E+000
 3662012   2  0.00000000E+000  0.00000000E+000  0.00000000E+000  0.00000000E+000  0.00000000E+000  0.00000000E+000  0.00000000E+000  0.00000000E+000
 3662012   2  0.41857923E-008  0.42490081E-006  0.17874321E-005  0.43697511E-008  0.00000000E+000  0.00000000E+000  0.00000000E+000  0.00000000E+000
 3662012   2  0.00000000E+000  0.00000000E+000  0.00000000E+000  0.00000000E+000  0.00000000E+000  0.00000000E+000  0.00000000E+000  0.00000000E+000
 3662012   2  0.00000000E+000  0.00000000E+000  0.00000000E+000  0.00000000E+000  0.00000000E+000  0.00000000E+000  0.00000000E+000  0.00000000E+000
 3662012   2  0.00000000E+000  0.00000000E+000  0.00000000E+000  0.00000000E+000  0.00000000E+000  0.00000000E+000  0.00000000E+000  0.00000000E+000
 3662012   2  0.00000000E+000  0.00000000E+000  0.00000000E+000  0.00000000E+000  0.00000000E+000  0.00000000E+000  0.00000000E+000  0.00000000E+000
 3662012   2  0.18896104E-004  0.39184618E-002  0.34282876E-001  0.32808879E-004  0.00000000E+000  0.00000000E+000  0.00000000E+000  0.00000000E+000
 3662012   2  0.11209386E-001  0.79517481E-001  0.88175256E-001  0.13908965E-001  0.00000000E+000  0.00000000E+000  0.00000000E+000  0.00000000E+000
 3662012   2  0.11810065E-005  0.24490386E-003  0.21426798E-002  0.20505549E-005  0.00000000E+000  0.00000000E+000  0.00000000E+000  0.00000000E+000
 3662012   2  0.16912077E-005  0.19828819E-004  0.86240088E-004  0.23473027E-005  0.00000000E+000  0.00000000E+000  0.00000000E+000  0.00000000E+000
 3662012   2  0.83750105E-010  0.64593029E-007  0.12861961E-005  0.35425182E-008  0.00000000E+000  0.00000000E+000  0.00000000E+000  0.00000000E+000
 3662012   2  0.42290556E-009  0.24649611E-005  0.21721486E-004  0.36087463E-007  0.00000000E+000  0.00000000E+000  0.00000000E+000  0.00000000E+000
 3662012   2  0.71595252E-010  0.44202881E-006  0.39409708E-005  0.64942812E-008  0.00000000E+000  0.00000000E+000  0.00000000E+000  0.00000000E+000
 3662012   2  0.52546617E-011  0.31819586E-007  0.26481173E-006  0.43733964E-009  0.00000000E+000  0.00000000E+000  0.00000000E+000  0.00000000E+000
 3662012   2  0.13252153E-010  0.83825555E-007  0.72261962E-006  0.19903637E-008  0.00000000E+000  0.00000000E+000  0.00000000E+000  0.00000000E+000
 3662012   2  0.49957430E-010  0.46889150E-006  0.50214443E-005  0.56534309E-008  0.00000000E+000  0.00000000E+000  0.00000000E+000  0.00000000E+000
 3662012   2  0.00000000E+000  0.00000000E+000  0.00000000E+000  0.00000000E+000  0.00000000E+000  0.00000000E+000  0.00000000E+000  0.00000000E+000
 3662012   2  0.00000000E+000  0.00000000E+000  0.00000000E+000  0.00000000E+000  0.00000000E+000  0.00000000E+000  0.00000000E+000  0.00000000E+000
 3662012   2  0.34861569E-001  0.99266384E+000  0.99541107E+000  0.99485600E+000  0.10000000E+001  0.10000000E+001  0.10000000E+001  0.10000000E+001
 3662012   2  0.11190490E-001  0.75599019E-001  0.53892380E-001  0.13876156E-001  0.00000000E+000  0.00000000E+000  0.00000000E+000  0.00000000E+000
 3662012   2  0.10182935E-002  0.69519927E-002  0.57982521E-002  0.80293067E-003  0.00000000E+000  0.00000000E+000  0.00000000E+000  0.00000000E+000
 3662012   2  0.14442428E-003  0.98767115E-003  0.82377509E-003  0.11360095E-003  0.00000000E+000  0.00000000E+000  0.00000000E+000  0.00000000E+000
 3662012   2  0.20000000E-001  0.20000000E-001  0.20000000E-001
 3662012   2  0.00000000E+000  0.00000000E+000  0.00000000E+000
 3662012   2  0.00000000E+000  0.00000000E+000  0.00000000E+000
 3662012   2  0.00000000E+000  0.00000000E+000  0.00000000E+000
 3662012   2  0.25100000E+006  0.10040000E+007  0.25100000E+007  0.25100000E+007  0.00000000E+000  0.00000000E+000  0.00000000E+000  0.00000000E+000
 3662012   2  0.00000000E+000  0.00000000E+000  0.00000000E+000  0.00000000E+000  0.00000000E+000  0.00000000E+000  0.00000000E+000  0.00000000E+000
 3662012   2  0.00000000E+000  0.00000000E+000  0.00000000E+000  0.00000000E+000  0.00000000E+000  0.00000000E+000  0.00000000E+000  0.00000000E+000
 3662012   2  0.00000000E+000  0.00000000E+000  0.00000000E+000  0.00000000E+000  0.00000000E+000  0.00000000E+000  0.00000000E+000  0.00000000E+000
 3662012   2  0.00000000E+000  0.00000000E+000  0.00000000E+000  0.00000000E+000  0.00000000E+000  0.00000000E+000  0.00000000E+000  0.00000000E+000
 3662012   2  0.75199850E-005  0.13260556E-002  0.18355098E-001  0.32808879E-004  0.00000000E+000  0.00000000E+000  0.00000000E+000  0.00000000E+000
 3662012   2  0.18799963E-006  0.33151389E-004  0.45887744E-003  0.82022198E-006  0.00000000E+000  0.00000000E+000  0.00000000E+000  0.00000000E+000
 3662012   2  0.18799963E-007  0.33151389E-005  0.45887744E-004  0.82022198E-007  0.00000000E+000  0.00000000E+000  0.00000000E+000  0.00000000E+000
 3662012   2  0.19673437E+001  0.36038678E+003  0.51876116E+004  0.92818103E+001  0.00000000E+000  0.00000000E+000  0.00000000E+000  0.00000000E+000
 3662012   2  0.25100000E+006  0.10040000E+007  0.25100000E+007  0.00000000E+000  0.00000000E+000  0.00000000E+000  0.00000000E+000  0.00000000E+000
 3662012   2  0.00000000E+000  0.00000000E+000  0.00000000E+000  0.00000000E+000  0.00000000E+000  0.00000000E+000  0.00000000E+000  0.00000000E+000
 3662012   2  0.00000000E+000  0.00000000E+000  0.00000000E+000  0.00000000E+000  0.00000000E+000  0.00000000E+000  0.00000000E+000  0.00000000E+000
 3662012   2  0.00000000E+000  0.00000000E+000  0.00000000E+000  0.00000000E+000  0.00000000E+000  0.00000000E+000  0.00000000E+000  0.00000000E+000
 3662012   2  0.00000000E+000  0.00000000E+000  0.00000000E+000  0.00000000E+000  0.00000000E+000  0.00000000E+000  0.00000000E+000  0.00000000E+000
 3662012   2  0.62433343E-005  0.13216644E-002  0.13939875E-001  0.00000000E+000  0.00000000E+000  0.00000000E+000  0.00000000E+000  0.00000000E+000
 3662012   2  0.15608336E-006  0.33041609E-004  0.34849688E-003  0.00000000E+000  0.00000000E+000  0.00000000E+000  0.00000000E+000  0.00000000E+000
 3662012   2  0.15608336E-007  0.33041609E-005  0.34849688E-004  0.00000000E+000  0.00000000E+000  0.00000000E+000  0.00000000E+000  0.00000000E+000
 3662012   2  0.16703704E+001  0.35921533E+003  0.39383998E+004  0.00000000E+000  0.00000000E+000  0.00000000E+000  0.00000000E+000  0.00000000E+000
 3662012   2  0.25100000E+006  0.10040000E+007  0.25100000E+007  0.00000000E+000  0.00000000E+000  0.00000000E+000  0.00000000E+000  0.00000000E+000
 3662012   2  0.00000000E+000  0.00000000E+000  0.00000000E+000  0.00000000E+000  0.00000000E+000  0.00000000E+000  0.00000000E+000  0.00000000E+000
 3662012   2  0.00000000E+000  0.00000000E+000  0.00000000E+000  0.00000000E+000  0.00000000E+000  0.00000000E+000  0.00000000E+000  0.00000000E+000
 3662012   2  0.00000000E+000  0.00000000E+000  0.00000000E+000  0.00000000E+000  0.00000000E+000  0.00000000E+000  0.00000000E+000  0.00000000E+000
 3662012   2  0.00000000E+000  0.00000000E+000  0.00000000E+000  0.00000000E+000  0.00000000E+000  0.00000000E+000  0.00000000E+000  0.00000000E+000
 3662012   2  0.51327845E-005  0.12707419E-002  0.19879034E-002  0.00000000E+000  0.00000000E+000  0.00000000E+000  0.00000000E+000  0.00000000E+000
 3662012   2  0.12831961E-006  0.31768547E-004  0.49697585E-004  0.00000000E+000  0.00000000E+000  0.00000000E+000  0.00000000E+000  0.00000000E+000
 3662012   2  0.12831961E-007  0.31768547E-005  0.49697585E-005  0.00000000E+000  0.00000000E+000  0.00000000E+000  0.00000000E+000  0.00000000E+000
 3662012   2  0.13560995E+001  0.34480409E+003  0.55679337E+003  0.00000000E+000  0.00000000E+000  0.00000000E+000  0.00000000E+000  0.00000000E+000
 3662012   2  0.00000000E+000  0.00000000E+000  0.00000000E+000  0.00000000E+000  0.00000000E+000  0.00000000E+000  0.00000000E+000  0.00000000E+000
 3662012   2  0.00000000E+000  0.00000000E+000  0.00000000E+000  0.00000000E+000  0.00000000E+000  0.00000000E+000  0.00000000E+000  0.00000000E+000
 3662012   2  0.00000000E+000  0.00000000E+000  0.00000000E+000  0.00000000E+000  0.00000000E+000  0.00000000E+000  0.00000000E+000  0.00000000E+000
 3662012   2  0.00000000E+000  0.00000000E+000  0.00000000E+000  0.00000000E+000  0.00000000E+000  0.00000000E+000  0.00000000E+000  0.00000000E+000
 3662012   2  0.00000000E+000  0.00000000E+000  0.00000000E+000  0.00000000E+000  0.00000000E+000  0.00000000E+000  0.00000000E+000  0.00000000E+000
 3662012   2  0.00000000E+000  0.00000000E+000  0.00000000E+000  0.00000000E+000  0.00000000E+000  0.00000000E+000  0.00000000E+000  0.00000000E+000
 3652017   2 -0.91829389E+001 -0.87606064E+001 -0.10000000E-001 -0.10000000E-001 -0.10000000E-001 -0.10000000E-001 -0.10000000E-001 -0.10000000E-001
 3652017   2 -0.55623561E+001 -0.54179166E+001 -0.12600000E+001 -0.12600000E+001 -0.12600000E+001 -0.12600000E+001 -0.12600000E+001 -0.12600000E+001
 3652017   2  0.00000000E+000  0.00000000E+000  0.12500000E+001  0.12500000E+001  0.12500000E+001  0.12500000E+001  0.12500000E+001  0.12500000E+001
 3652017   2  0.40000000E+003  0.40000000E+003  0.00000000E+000  0.00000000E+000  0.00000000E+000  0.00000000E+000  0.00000000E+000  0.00000000E+000
 3652017   2  0.25100000E+006  0.10040000E+007  0.00000000E+000  0.00000000E+000  0.00000000E+000  0.00000000E+000  0.00000000E+000  0.00000000E+000
 3652017   2  0.30631470E-001  0.10490422E+000  0.00000000E+000  0.00000000E+000  0.00000000E+000  0.00000000E+000  0.00000000E+000  0.00000000E+000
 3652017   2  0.30631470E+001  0.26226055E+001  0.00000000E+000  0.00000000E+000  0.00000000E+000  0.00000000E+000  0.00000000E+000  0.00000000E+000
 3652017   2  0.38497632E-007  0.82459345E-005  0.00000000E+000  0.00000000E+000  0.00000000E+000  0.00000000E+000  0.00000000E+000  0.00000000E+000
 3652017   2  0.34647869E-006  0.74213411E-004  0.00000000E+000  0.00000000E+000  0.00000000E+000  0.00000000E+000  0.00000000E+000  0.00000000E+000
 3652017   2  0.20000000E-003  0.20000000E-003  0.20000000E-003  0.20000000E-003  0.20000000E-003  0.20000000E-003  0.20000000E-003  0.20000000E-003
 3652017   2  0.10000000E-003  0.10000000E-003  0.10000000E-003  0.10000000E-003  0.10000000E-003  0.10000000E-003  0.10000000E-003  0.10000000E-003
 3652017   2  0.19245753E-004  0.26676819E-003  0.00000000E+000  0.00000000E+000  0.00000000E+000  0.00000000E+000  0.00000000E+000  0.00000000E+000
 3652017   2  0.10000000E-002  0.10000000E-002  0.10000000E-002  0.10000000E-002  0.10000000E-002  0.10000000E-002  0.10000000E-002  0.10000000E-002
 3652017   2  0.81189700E-007  0.11184434E-005  0.00000000E+000  0.00000000E+000  0.00000000E+000  0.00000000E+000  0.00000000E+000  0.00000000E+000
 3652017   2 -0.80926643E-007 -0.11145862E-005  0.00000000E+000  0.00000000E+000  0.00000000E+000  0.00000000E+000  0.00000000E+000  0.00000000E+000
 3652017   2  0.80926643E-007  0.11145862E-005  0.00000000E+000  0.00000000E+000  0.00000000E+000  0.00000000E+000  0.00000000E+000  0.00000000E+000
 3652017   2  0.93286547E-008  0.18745803E-005  0.00000000E+000  0.00000000E+000  0.00000000E+000  0.00000000E+000  0.00000000E+000  0.00000000E+000
 3652017   2  0.12513319E-004  0.26585593E-002  0.00000000E+000  0.00000000E+000  0.00000000E+000  0.00000000E+000  0.00000000E+000  0.00000000E+000
 3652017   2  0.40204904E-010  0.84873014E-008  0.00000000E+000  0.00000000E+000  0.00000000E+000  0.00000000E+000  0.00000000E+000  0.00000000E+000
 3652017   2  0.15618010E-010  0.29810726E-008  0.00000000E+000  0.00000000E+000  0.00000000E+000  0.00000000E+000  0.00000000E+000  0.00000000E+000
 3652017   2 -0.14720368E-007  0.18822131E-011  0.00000000E+000  0.00000000E+000  0.00000000E+000  0.00000000E+000  0.00000000E+000  0.00000000E+000
 3652017   2  0.19562602E-006  0.35278227E-004  0.00000000E+000  0.00000000E+000  0.00000000E+000  0.00000000E+000  0.00000000E+000  0.00000000E+000
 3652017   2  0.62758227E-005  0.13227954E-002  0.00000000E+000  0.00000000E+000  0.00000000E+000  0.00000000E+000  0.00000000E+000  0.00000000E+000
 3652017   2  0.24085384E-010  0.50348726E-008  0.00000000E+000  0.00000000E+000  0.00000000E+000  0.00000000E+000  0.00000000E+000  0.00000000E+000
 3652017   2  0.22566198E-009  0.42504995E-007  0.00000000E+000  0.00000000E+000  0.00000000E+000  0.00000000E+000  0.00000000E+000  0.00000000E+000
 3652017   2  0.38253039E-009  0.84175142E-008  0.00000000E+000  0.00000000E+000  0.00000000E+000  0.00000000E+000  0.00000000E+000  0.00000000E+000
 3652017   2  0.17563821E-001  0.74649333E-001  0.00000000E+000  0.00000000E+000  0.00000000E+000  0.00000000E+000  0.00000000E+000  0.00000000E+000
 3652017   2  0.14736646E+000  0.62424812E+000  0.00000000E+000  0.00000000E+000  0.00000000E+000  0.00000000E+000  0.00000000E+000  0.00000000E+000
 3652017   2  0.10977388E-002  0.46655833E-002  0.00000000E+000  0.00000000E+000  0.00000000E+000  0.00000000E+000  0.00000000E+000  0.00000000E+000
 3652017   2  0.25556740E-006  0.32637025E-005  0.00000000E+000  0.00000000E+000  0.00000000E+000  0.00000000E+000  0.00000000E+000  0.00000000E+000
 3652017   2  0.26266172E-007  0.21614917E-006  0.00000000E+000  0.00000000E+000  0.00000000E+000  0.00000000E+000  0.00000000E+000  0.00000000E+000
 3652017   2  0.39921646E-007  0.58261307E-006  0.00000000E+000  0.00000000E+000  0.00000000E+000  0.00000000E+000  0.00000000E+000  0.00000000E+000
 3652017   2  0.92579198E-008  0.15916712E-006  0.00000000E+000  0.00000000E+000  0.00000000E+000  0.00000000E+000  0.00000000E+000  0.00000000E+000
 3652017   2  0.74104552E-009  0.12611847E-007  0.00000000E+000  0.00000000E+000  0.00000000E+000  0.00000000E+000  0.00000000E+000  0.00000000E+000
 3652017   2  0.48524390E-008  0.80704726E-007  0.00000000E+000  0.00000000E+000  0.00000000E+000  0.00000000E+000  0.00000000E+000  0.00000000E+000
 3652017   2  0.61216183E-008  0.20839145E-006  0.00000000E+000  0.00000000E+000  0.00000000E+000  0.00000000E+000  0.00000000E+000  0.00000000E+000
 3652017   2  0.00000000E+000  0.00000000E+000  0.00000000E+000  0.00000000E+000  0.00000000E+000  0.00000000E+000  0.00000000E+000  0.00000000E+000
 3652017   2  0.00000000E+000  0.00000000E+000  0.00000000E+000  0.00000000E+000  0.00000000E+000  0.00000000E+000  0.00000000E+000  0.00000000E+000
 3652017   2  0.99647807E+000  0.99641815E+000  0.10000000E+001  0.10000000E+001  0.10000000E+001  0.10000000E+001  0.10000000E+001  0.10000000E+001
 3652017   2  0.12980264E+000  0.54959878E+000  0.00000000E+000  0.00000000E+000  0.00000000E+000  0.00000000E+000  0.00000000E+000  0.00000000E+000
 3652017   2  0.87726708E-002  0.37146063E-001  0.00000000E+000  0.00000000E+000  0.00000000E+000  0.00000000E+000  0.00000000E+000  0.00000000E+000
 3652017   2  0.83049542E-003  0.35165429E-002  0.00000000E+000  0.00000000E+000  0.00000000E+000  0.00000000E+000  0.00000000E+000  0.00000000E+000
 3652017   2  0.36408983E-001
 3652017   2  0.37664521E-001
 3652017   2  0.94161302E-003
 3652017   2  0.94161302E-004
 3652017   2  0.25100000E+006  0.10040000E+007  0.00000000E+000  0.00000000E+000  0.00000000E+000  0.00000000E+000  0.00000000E+000  0.00000000E+000
 3652017   2  0.00000000E+000  0.16408983E-001  0.00000000E+000  0.00000000E+000  0.00000000E+000  0.00000000E+000  0.00000000E+000  0.00000000E+000
 3652017   2  0.00000000E+000  0.37664521E-001  0.00000000E+000  0.00000000E+000  0.00000000E+000  0.00000000E+000  0.00000000E+000  0.00000000E+000
 3652017   2  0.00000000E+000  0.94161302E-003  0.00000000E+000  0.00000000E+000  0.00000000E+000  0.00000000E+000  0.00000000E+000  0.00000000E+000
 3652017   2  0.00000000E+000  0.94161302E-004  0.00000000E+000  0.00000000E+000  0.00000000E+000  0.00000000E+000  0.00000000E+000  0.00000000E+000
 3652017   2  0.17563821E-001  0.36984812E-001  0.00000000E+000  0.00000000E+000  0.00000000E+000  0.00000000E+000  0.00000000E+000  0.00000000E+000
 3652017   2  0.43909553E-003  0.92462030E-003  0.00000000E+000  0.00000000E+000  0.00000000E+000  0.00000000E+000  0.00000000E+000  0.00000000E+000
 3652017   2  0.43909553E-004  0.92462030E-004  0.00000000E+000  0.00000000E+000  0.00000000E+000  0.00000000E+000  0.00000000E+000  0.00000000E+000
 3652017   2  0.12252588E+002  0.25764488E+002  0.00000000E+000  0.00000000E+000  0.00000000E+000  0.00000000E+000  0.00000000E+000  0.00000000E+000
 3652017   2 -0.93858984E+001 -0.87705827E+001 -0.10000000E-001 -0.10000000E-001 -0.10000000E-001 -0.10000000E-001 -0.10000000E-001 -0.10000000E-001
 3652017   2 -0.56396186E+001 -0.54286000E+001 -0.12600000E+001 -0.12600000E+001 -0.12600000E+001 -0.12600000E+001 -0.12600000E+001 -0.12600000E+001
 3652017   2  0.00000000E+000  0.00000000E+000  0.12500000E+001  0.12500000E+001  0.12500000E+001  0.12500000E+001  0.12500000E+001  0.12500000E+001
 3652017   2  0.00000000E+000  0.00000000E+000  0.00000000E+000  0.00000000E+000  0.00000000E+000  0.00000000E+000  0.00000000E+000  0.00000000E+000
 3652017   2  0.25100000E+006  0.10040000E+007  0.00000000E+000  0.00000000E+000  0.00000000E+000  0.00000000E+000  0.00000000E+000  0.00000000E+000
 3652017   2  0.41431941E-002  0.63360097E-001  0.00000000E+000  0.00000000E+000  0.00000000E+000  0.00000000E+000  0.00000000E+000  0.00000000E+000
 3652017   2  0.41431941E+000  0.15840024E+001  0.00000000E+000  0.00000000E+000  0.00000000E+000  0.00000000E+000  0.00000000E+000  0.00000000E+000
 3652017   2  0.13017916E-010  0.19907742E-009  0.00000000E+000  0.00000000E+000  0.00000000E+000  0.00000000E+000  0.00000000E+000  0.00000000E+000
 3652017   2  0.11716124E-009  0.17916968E-008  0.00000000E+000  0.00000000E+000  0.00000000E+000  0.00000000E+000  0.00000000E+000  0.00000000E+000
 3652017   2  0.50000000E-005  0.50000000E-005  0.50000000E-005  0.50000000E-005  0.50000000E-005  0.50000000E-005  0.50000000E-005  0.50000000E-005
 3652017   2  0.50000000E-005  0.50000000E-005  0.50000000E-005  0.50000000E-005  0.50000000E-005  0.50000000E-005  0.50000000E-005  0.50000000E-005
 3652017   2  0.13015844E-006  0.19904574E-005  0.00000000E+000  0.00000000E+000  0.00000000E+000  0.00000000E+000  0.00000000E+000  0.00000000E+000
 3652017   2  0.10000000E-002  0.10000000E-002  0.10000000E-002  0.10000000E-002  0.10000000E-002  0.10000000E-002  0.10000000E-002  0.10000000E-002
 3652017   2  0.35033391E-009  0.82008127E-008  0.00000000E+000  0.00000000E+000  0.00000000E+000  0.00000000E+000  0.00000000E+000  0.00000000E+000
 3652017   2 -0.26522281E-010 -0.40617173E-008  0.00000000E+000  0.00000000E+000  0.00000000E+000  0.00000000E+000  0.00000000E+000  0.00000000E+000
 3652017   2  0.26522281E-010  0.40617173E-008  0.00000000E+000  0.00000000E+000  0.00000000E+000  0.00000000E+000  0.00000000E+000  0.00000000E+000
 3652017   2  0.00000000E+000  0.00000000E+000  0.00000000E+000  0.00000000E+000  0.00000000E+000  0.00000000E+000  0.00000000E+000  0.00000000E+000
 3652017   2  0.00000000E+000  0.00000000E+000  0.00000000E+000  0.00000000E+000  0.00000000E+000  0.00000000E+000  0.00000000E+000  0.00000000E+000
 3652017   2  0.00000000E+000  0.00000000E+000  0.00000000E+000  0.00000000E+000  0.00000000E+000  0.00000000E+000  0.00000000E+000  0.00000000E+000
 3652017   2  0.00000000E+000  0.00000000E+000  0.00000000E+000  0.00000000E+000  0.00000000E+000  0.00000000E+000  0.00000000E+000  0.00000000E+000
 3652017   2  0.00000000E+000  0.00000000E+000  0.00000000E+000  0.00000000E+000  0.00000000E+000  0.00000000E+000  0.00000000E+000  0.00000000E+000
 3652017   2  0.53811161E-008  0.26581229E-007  0.00000000E+000  0.00000000E+000  0.00000000E+000  0.00000000E+000  0.00000000E+000  0.00000000E+000
 3652017   2  0.00000000E+000  0.00000000E+000  0.00000000E+000  0.00000000E+000  0.00000000E+000  0.00000000E+000  0.00000000E+000  0.00000000E+000
 3652017   2  0.00000000E+000  0.00000000E+000  0.00000000E+000  0.00000000E+000  0.00000000E+000  0.00000000E+000  0.00000000E+000  0.00000000E+000
 3652017   2  0.00000000E+000  0.00000000E+000  0.00000000E+000  0.00000000E+000  0.00000000E+000  0.00000000E+000  0.00000000E+000  0.00000000E+000
 3652017   2  0.00000000E+000  0.00000000E+000  0.00000000E+000  0.00000000E+000  0.00000000E+000  0.00000000E+000  0.00000000E+000  0.00000000E+000
 3652017   2  0.80870325E-005  0.99267796E-004  0.00000000E+000  0.00000000E+000  0.00000000E+000  0.00000000E+000  0.00000000E+000  0.00000000E+000
 3652017   2  0.64989248E-002  0.27577675E-001  0.00000000E+000  0.00000000E+000  0.00000000E+000  0.00000000E+000  0.00000000E+000  0.00000000E+000
 3652017   2  0.50543953E-006  0.62042372E-005  0.00000000E+000  0.00000000E+000  0.00000000E+000  0.00000000E+000  0.00000000E+000  0.00000000E+000
 3652017   2  0.86314288E-011  0.23940864E-007  0.00000000E+000  0.00000000E+000  0.00000000E+000  0.00000000E+000  0.00000000E+000  0.00000000E+000
 3652017   2  0.84434395E-011  0.82482526E-009  0.00000000E+000  0.00000000E+000  0.00000000E+000  0.00000000E+000  0.00000000E+000  0.00000000E+000
 3652017   2  0.12576422E-010  0.21444350E-008  0.00000000E+000  0.00000000E+000  0.00000000E+000  0.00000000E+000  0.00000000E+000  0.00000000E+000
 3652017   2  0.29157780E-011  0.58612150E-009  0.00000000E+000  0.00000000E+000  0.00000000E+000  0.00000000E+000  0.00000000E+000  0.00000000E+000
 3652017   2  0.23362977E-012  0.46466100E-010  0.00000000E+000  0.00000000E+000  0.00000000E+000  0.00000000E+000  0.00000000E+000  0.00000000E+000
 3652017   2  0.15467257E-011  0.30565478E-009  0.00000000E+000  0.00000000E+000  0.00000000E+000  0.00000000E+000  0.00000000E+000  0.00000000E+000
 3652017   2  0.19284768E-011  0.76702938E-009  0.00000000E+000  0.00000000E+000  0.00000000E+000  0.00000000E+000  0.00000000E+000  0.00000000E+000
 3652017   2  0.00000000E+000  0.00000000E+000  0.00000000E+000  0.00000000E+000  0.00000000E+000  0.00000000E+000  0.00000000E+000  0.00000000E+000
 3652017   2  0.00000000E+000  0.00000000E+000  0.00000000E+000  0.00000000E+000  0.00000000E+000  0.00000000E+000  0.00000000E+000  0.00000000E+000
 3652017   2  0.46483853E-001  0.49199031E+000  0.10000000E+001  0.10000000E+001  0.10000000E+001  0.10000000E+001  0.10000000E+001  0.10000000E+001
 3652017   2  0.64908377E-002  0.27478407E-001  0.00000000E+000  0.00000000E+000  0.00000000E+000  0.00000000E+000  0.00000000E+000  0.00000000E+000
 3652017   2  0.43977863E-003  0.18601836E-002  0.00000000E+000  0.00000000E+000  0.00000000E+000  0.00000000E+000  0.00000000E+000  0.00000000E+000
 3652017   2  0.41668219E-004  0.17598966E-003  0.00000000E+000  0.00000000E+000  0.00000000E+000  0.00000000E+000  0.00000000E+000  0.00000000E+000
 3652017   2  0.20000000E-001
 3652017   2  0.00000000E+000
 3652017   2  0.00000000E+000
 3652017   2  0.00000000E+000
 3652017   2  0.25100000E+006  0.10040000E+007  0.00000000E+000  0.00000000E+000  0.00000000E+000  0.00000000E+000  0.00000000E+000  0.00000000E+000
 3652017   2  0.00000000E+000  0.00000000E+000  0.00000000E+000  0.00000000E+000  0.00000000E+000  0.00000000E+000  0.00000000E+000  0.00000000E+000
 3652017   2  0.00000000E+000  0.00000000E+000  0.00000000E+000  0.00000000E+000  0.00000000E+000  0.00000000E+000  0.00000000E+000  0.00000000E+000
 3652017   2  0.00000000E+000  0.00000000E+000  0.00000000E+000  0.00000000E+000  0.00000000E+000  0.00000000E+000  0.00000000E+000  0.00000000E+000
 3652017   2  0.00000000E+000  0.00000000E+000  0.00000000E+000  0.00000000E+000  0.00000000E+000  0.00000000E+000  0.00000000E+000  0.00000000E+000
 3652017   2  0.80870325E-005  0.99267796E-004  0.00000000E+000  0.00000000E+000  0.00000000E+000  0.00000000E+000  0.00000000E+000  0.00000000E+000
 3652017   2  0.20217581E-006  0.24816949E-005  0.00000000E+000  0.00000000E+000  0.00000000E+000  0.00000000E+000  0.00000000E+000  0.00000000E+000
 3652017   2  0.20217581E-007  0.24816949E-006  0.00000000E+000  0.00000000E+000  0.00000000E+000  0.00000000E+000  0.00000000E+000  0.00000000E+000
 3652017   2  0.16572776E+001  0.25344039E+002  0.00000000E+000  0.00000000E+000  0.00000000E+000  0.00000000E+000  0.00000000E+000  0.00000000E+000
 3652017   2  0.00000000E+000  0.00000000E+000  0.00000000E+000  0.00000000E+000  0.00000000E+000  0.00000000E+000  0.00000000E+000  0.00000000E+000
 3652017   2  0.00000000E+000  0.00000000E+000  0.00000000E+000  0.00000000E+000  0.00000000E+000  0.00000000E+000  0.00000000E+000  0.00000000E+000
 3652017   2  0.00000000E+000  0.00000000E+000  0.00000000E+000  0.00000000E+000  0.00000000E+000  0.00000000E+000  0.00000000E+000  0.00000000E+000
 3652017   2  0.00000000E+000  0.00000000E+000  0.00000000E+000  0.00000000E+000  0.00000000E+000  0.00000000E+000  0.00000000E+000  0.00000000E+000
 3652017   2  0.00000000E+000  0.00000000E+000  0.00000000E+000  0.00000000E+000  0.00000000E+000  0.00000000E+000  0.00000000E+000  0.00000000E+000
 3652017   2  0.00000000E+000  0.00000000E+000  0.00000000E+000  0.00000000E+000  0.00000000E+000  0.00000000E+000  0.00000000E+000  0.00000000E+000
