 3651999   2  0.28732178E+001  0.00000000E+000  0.32443722E-003 -0.49286412E+001  0.10589824E+002  0.67755235E+001  0.60603058E+001  0.98369241E+000  0.12204402E+000  0.48476951E+001  0.19278629E+001  0.55085764E+000  0.30297170E+000  0.43609563E-001  0.43609563E-001
  0.00000000E+000  0.00000000E+000  0.30515120E+001  0.16662995E+000  0.16662995E-001  0.20448071E-001  0.20000000E-001  0.00000000E+000  0.16000000E+002  0.35856525E+001  0.17397497E+000
 3651999   2  0.28732178E+001
 3651999   2  0.58038171E+000
 3651999   2  0.81712949E-001
 3651999   2  0.00000000E+000
 3651999   2  0.00000000E+000
 3651999   2  0.00000000E+000
 3651999   2  0.10589824E+002
 3651999   2  0.48476951E+001
 3651999   2  0.00000000E+000
 3651999   2  0.19278629E+001
 3651999   2  0.55085764E+000
 3651999   2  0.55085764E+000
 3651999   2  0.30297170E+000
 3651999   2  0.43609563E-001
 3651999   2  0.43609563E-001
 3651999   2  0.00000000E+000
 3651999   2  0.67755235E+001
 3651999   2  0.98369241E+000
 3651999   2  0.34136564E+000
 3651999   2  0.00000000E+000
 3651999   2  0.48196572E-001
 3651999   2  0.55085764E-002
 3651999   2  0.60594340E-002
 3651999   2  0.10902391E-002
 3651999   2  0.10902391E-002
 3651999   2  0.00000000E+000
 3651999   2  0.12204402E+000
 3651999   2  0.34136564E-001
 3651999   2  0.00000000E+000
 3651999   2  0.48196572E-002
 3651999   2  0.55085764E-003
 3651999   2  0.60594340E-003
 3651999   2  0.10902391E-003
 3651999   2  0.10902391E-003
 3651999   2  0.00000000E+000
 3651999   2  0.00000000E+000
 3651999   2  0.00000000E+000
 3651999   2  0.00000000E+000
 3651999   2  0.28031602E+000
 3651999   2  0.00000000E+000
 3651999   2  0.00000000E+000
 3651999   2  0.00000000E+000
 3651999   2  0.00000000E+000
 3651999   2  0.00000000E+000
 3651999   2  0.00000000E+000
 3651999   2  0.00000000E+000
 3651999   2  0.00000000E+000
 3651999   2  0.00000000E+000
 3651999   2  0.00000000E+000
 3651999   2  0.00000000E+000
 3651999   2  0.00000000E+000
 3651999   2  0.00000000E+000
 3651999   2  0.00000000E+000
 3651999   2  0.00000000E+000
 3651999   2  0.00000000E+000
 3651999   2  0.00000000E+000
 3651999   2  0.12142266E-001  0.29825295E-001  0.29744700E-001  0.29919155E-001  0.29892622E-001  0.29707367E-001  0.29718077E-001  0.29771351E-001  0.29803620E-001  0.29791567E-001
 3651999   2  0.15286266E-001  0.00000000E+000  0.00000000E+000  0.00000000E+000  0.00000000E+000  0.00000000E+000  0.00000000E+000  0.00000000E+000  0.00000000E+000  0.00000000E+000
 3652014   2  0.40461047E+001  0.00000000E+000  0.17246027E-003 -0.11507833E+001  0.80764967E+001  0.37441093E+001  0.21896306E+001  0.51251467E+000  0.57553997E-001  0.26765589E+001  0.10675583E+001  0.16757545E+000  0.92166500E-001  0.13266390E-001  0.13266390E-001
  0.00000000E+000  0.00000000E+000  0.63676318E+001  0.34941931E+000  0.34941931E-001  0.20082262E-001  0.20000000E-001  0.00000000E+000  0.24000000E+002  0.56660183E+000  0.10190165E+000
 3652014   2  0.40461047E+001
 3652014   2  0.31626090E+000
 3652014   2  0.37928619E-001
 3652014   2  0.00000000E+000
 3652014   2  0.00000000E+000
 3652014   2  0.00000000E+000
 3652014   2  0.80764967E+001
 3652014   2  0.26765589E+001
 3652014   2  0.00000000E+000
 3652014   2  0.10675583E+001
 3652014   2  0.16757545E+000
 3652014   2  0.16757545E+000
 3652014   2  0.92166500E-001
 3652014   2  0.13266390E-001
 3652014   2  0.13266390E-001
 3652014   2  0.00000000E+000
 3652014   2  0.37441093E+001
 3652014   2  0.51251467E+000
 3652014   2  0.16538242E+000
 3652014   2  0.00000000E+000
 3652014   2  0.26688957E-001
 3652014   2  0.16757545E-002
 3652014   2  0.18433300E-002
 3652014   2  0.33165975E-003
 3652014   2  0.33165975E-003
 3652014   2  0.00000000E+000
 3652014   2  0.57553997E-001
 3652014   2  0.16538242E-001
 3652014   2  0.00000000E+000
 3652014   2  0.26688957E-002
 3652014   2  0.16757545E-003
 3652014   2  0.18433300E-003
 3652014   2  0.33165975E-004
 3652014   2  0.33165975E-004
 3652014   2  0.00000000E+000
 3652014   2  0.00000000E+000
 3652014   2  0.00000000E+000
 3652014   2  0.00000000E+000
 3652014   2  0.16012046E+000
 3652014   2  0.00000000E+000
 3652014   2  0.00000000E+000
 3652014   2  0.00000000E+000
 3652014   2  0.00000000E+000
 3652014   2  0.00000000E+000
 3652014   2  0.00000000E+000
 3652014   2  0.00000000E+000
 3652014   2  0.00000000E+000
 3652014   2  0.00000000E+000
 3652014   2  0.00000000E+000
 3652014   2  0.00000000E+000
 3652014   2  0.00000000E+000
 3652014   2  0.00000000E+000
 3652014   2  0.00000000E+000
 3652014   2  0.00000000E+000
 3652014   2  0.00000000E+000
 3652014   2  0.00000000E+000
 3652014   2  0.90208180E-002  0.16788776E-001  0.16786112E-001  0.16784042E-001  0.16784535E-001  0.16812942E-001  0.16805782E-001  0.16810128E-001  0.16829237E-001  0.16698087E-001
 3652014   2  0.67229279E-002  0.00000000E+000  0.00000000E+000  0.00000000E+000  0.00000000E+000  0.00000000E+000  0.00000000E+000  0.00000000E+000  0.00000000E+000  0.00000000E+000
