    ORGC   365    24  1995     1     1  0.367187E+03  0.428448E+03  0.115900E+04  0.278980E+04  0.281679E+04  0.294084E+04  0.654762E+03  0.134079E+04  0.124097E+04  0.301403E+03  0.753451E+02
    ORGC   365    24  1996     1     1  0.952075E+02  0.425657E+03  0.112866E+04  0.273236E+04  0.277430E+04  0.290690E+04  0.641319E+03  0.133130E+04  0.123470E+04  0.301391E+03  0.753337E+02
    ORGC   365    24  1997     1     1  0.376996E+03  0.500425E+03  0.115352E+04  0.272975E+04  0.276989E+04  0.290365E+04  0.641485E+03  0.133332E+04  0.123109E+04  0.301414E+03  0.753355E+02
    ORGC   365    24  1998     1     1  0.911640E+02  0.487809E+03  0.111190E+04  0.267059E+04  0.272682E+04  0.287177E+04  0.632191E+03  0.132339E+04  0.122624E+04  0.301416E+03  0.753430E+02
    ORGC   365    24  1999     1     1  0.106859E+03  0.491027E+03  0.109269E+04  0.264058E+04  0.270432E+04  0.285532E+04  0.628408E+03  0.131943E+04  0.122305E+04  0.301393E+03  0.753446E+02
    ORGC   365    24  2000     1     1  0.489714E+03  0.586015E+03  0.113934E+04  0.265566E+04  0.270824E+04  0.286266E+04  0.630993E+03  0.132388E+04  0.122082E+04  0.301379E+03  0.753472E+02
    ORGC   365    24  2001     1     1  0.183070E+03  0.633853E+03  0.112277E+04  0.261336E+04  0.267793E+04  0.283982E+04  0.625936E+03  0.132036E+04  0.121830E+04  0.301358E+03  0.753527E+02
    ORGC   365    24  2002     1     1  0.391349E+03  0.680922E+03  0.115110E+04  0.261811E+04  0.267758E+04  0.284284E+04  0.626797E+03  0.132224E+04  0.121637E+04  0.301344E+03  0.753611E+02
    ORGC   365    24  2003     1     1  0.112904E+03  0.674126E+03  0.111709E+04  0.257480E+04  0.264549E+04  0.281810E+04  0.621260E+03  0.131580E+04  0.121412E+04  0.301315E+03  0.753674E+02
    ORGC   365    24  2004     1     1  0.360222E+03  0.740676E+03  0.114246E+04  0.258225E+04  0.265180E+04  0.282344E+04  0.627148E+03  0.132145E+04  0.121234E+04  0.301289E+03  0.753757E+02
    ORGC   365    24  2005     1     1  0.111104E+03  0.717387E+03  0.110364E+04  0.252837E+04  0.260958E+04  0.279347E+04  0.617862E+03  0.131303E+04  0.121006E+04  0.301247E+03  0.753855E+02
    ORGC   365    24  2006     1     1  0.308865E+03  0.819929E+03  0.114028E+04  0.253536E+04  0.261302E+04  0.279999E+04  0.620018E+03  0.131348E+04  0.120848E+04  0.301221E+03  0.753952E+02
    ORGC   365    24  2007     1     1  0.108094E+03  0.767449E+03  0.109967E+04  0.248464E+04  0.257345E+04  0.276996E+04  0.612968E+03  0.130747E+04  0.120633E+04  0.301173E+03  0.754047E+02
    ORGC   365    24  2008     1     1  0.313355E+03  0.850194E+03  0.113076E+04  0.248888E+04  0.257286E+04  0.276545E+04  0.616014E+03  0.130940E+04  0.120497E+04  0.301137E+03  0.754109E+02
    ORGC   365    24  2009     1     1  0.860093E+02  0.697120E+03  0.126107E+04  0.245462E+04  0.254511E+04  0.274860E+04  0.610086E+03  0.130512E+04  0.120330E+04  0.301102E+03  0.754218E+02
    ORGC   365    24  2010     1     1  0.337477E+03  0.723029E+03  0.123890E+04  0.245350E+04  0.254061E+04  0.274268E+04  0.609582E+03  0.130601E+04  0.120180E+04  0.301056E+03  0.754280E+02
    ORGC   365    24  2011     1     1  0.963361E+02  0.728223E+03  0.120133E+04  0.241260E+04  0.251229E+04  0.272531E+04  0.604992E+03  0.130114E+04  0.119999E+04  0.300996E+03  0.754307E+02
    ORGC   365    24  2012     1     1  0.149796E+03  0.748608E+03  0.119364E+04  0.240082E+04  0.250444E+04  0.272250E+04  0.608356E+03  0.129942E+04  0.119826E+04  0.300934E+03  0.754349E+02
    ORGC   365    24  2013     1     1  0.799549E+02  0.739794E+03  0.117127E+04  0.237288E+04  0.247947E+04  0.270422E+04  0.601956E+03  0.129628E+04  0.119670E+04  0.300884E+03  0.754404E+02
    ORGC   365    24  2014     1     1  0.901643E+02  0.639331E+03  0.129686E+04  0.235836E+04  0.246561E+04  0.269374E+04  0.599423E+03  0.129513E+04  0.119540E+04  0.300843E+03  0.754493E+02
    ORGC   365    24  2015     1     1  0.339991E+03  0.735119E+03  0.130485E+04  0.236723E+04  0.247204E+04  0.269020E+04  0.600184E+03  0.129583E+04  0.119423E+04  0.300804E+03  0.754559E+02
    ORGC   365    24  2016     1     1  0.150967E+03  0.737589E+03  0.126864E+04  0.233133E+04  0.244038E+04  0.267426E+04  0.596133E+03  0.129498E+04  0.119251E+04  0.300741E+03  0.754616E+02
    ORGC   365    24  2017     1     1  0.411436E+03  0.801685E+03  0.129688E+04  0.234570E+04  0.245095E+04  0.268608E+04  0.602002E+03  0.130170E+04  0.119129E+04  0.300699E+03  0.754698E+02
    ORGC   365    24  2018     1     1  0.888867E+02  0.677577E+03  0.139042E+04  0.229854E+04  0.241013E+04  0.265617E+04  0.593059E+03  0.129413E+04  0.118964E+04  0.300650E+03  0.754822E+02
    ORGC   365    24  2019     1     1  0.299830E+03  0.730477E+03  0.136951E+04  0.229982E+04  0.240921E+04  0.265160E+04  0.592072E+03  0.129529E+04  0.118840E+04  0.300606E+03  0.754918E+02
    ORGC   365    24  2020     1     1  0.735466E+02  0.626045E+03  0.143741E+04  0.225981E+04  0.237713E+04  0.263132E+04  0.587488E+03  0.129005E+04  0.118679E+04  0.300545E+03  0.754995E+02
    ORGC   365    24  2021     1     1  0.252347E+03  0.717909E+03  0.143213E+04  0.226608E+04  0.237612E+04  0.263199E+04  0.587950E+03  0.128895E+04  0.118557E+04  0.300497E+03  0.755080E+02
    ORGC   365    24  2022     1     1  0.684040E+02  0.606277E+03  0.148440E+04  0.222748E+04  0.234720E+04  0.261109E+04  0.583597E+03  0.128520E+04  0.118404E+04  0.300439E+03  0.755187E+02
