    ORGN   365    24  1995     1     1  0.329788E+02  0.321808E+02  0.868270E+02  0.213183E+03  0.216705E+03  0.282936E+03  0.671788E+02  0.163141E+03  0.151478E+03  0.376346E+02  0.941089E+01
    ORGN   365    24  1996     1     1  0.656549E+01  0.328540E+02  0.857199E+02  0.208966E+03  0.213657E+03  0.280374E+03  0.664115E+02  0.162514E+03  0.150993E+03  0.376215E+02  0.940825E+01
    ORGN   365    24  1997     1     1  0.305310E+02  0.374515E+02  0.860566E+02  0.207789E+03  0.212780E+03  0.279501E+03  0.663010E+02  0.162419E+03  0.150675E+03  0.376176E+02  0.940807E+01
    ORGN   365    24  1998     1     1  0.674132E+01  0.370963E+02  0.841490E+02  0.203990E+03  0.209918E+03  0.277046E+03  0.656554E+02  0.161790E+03  0.150282E+03  0.376134E+02  0.940880E+01
    ORGN   365    24  1999     1     1  0.602127E+01  0.364766E+02  0.820718E+02  0.201340E+03  0.208012E+03  0.275391E+03  0.652786E+02  0.161418E+03  0.149982E+03  0.376072E+02  0.940890E+01
    ORGN   365    24  2000     1     1  0.484123E+02  0.432963E+02  0.846187E+02  0.201565E+03  0.207794E+03  0.275327E+03  0.653152E+02  0.161464E+03  0.149762E+03  0.376026E+02  0.940916E+01
    ORGN   365    24  2001     1     1  0.145822E+02  0.481963E+02  0.848985E+02  0.199221E+03  0.205859E+03  0.273607E+03  0.649516E+02  0.161187E+03  0.149521E+03  0.375978E+02  0.940981E+01
    ORGN   365    24  2002     1     1  0.417638E+02  0.506323E+02  0.853682E+02  0.198424E+03  0.205135E+03  0.272998E+03  0.648572E+02  0.161050E+03  0.149322E+03  0.375938E+02  0.941085E+01
    ORGN   365    24  2003     1     1  0.892531E+01  0.510576E+02  0.842388E+02  0.196081E+03  0.203245E+03  0.271372E+03  0.644783E+02  0.160698E+03  0.149100E+03  0.375886E+02  0.941163E+01
    ORGN   365    24  2004     1     1  0.293238E+02  0.551476E+02  0.846933E+02  0.195695E+03  0.203066E+03  0.271036E+03  0.646830E+02  0.160719E+03  0.148911E+03  0.375836E+02  0.941266E+01
    ORGN   365    24  2005     1     1  0.774981E+01  0.536038E+02  0.828629E+02  0.192473E+03  0.200512E+03  0.268940E+03  0.640951E+02  0.160267E+03  0.148682E+03  0.375773E+02  0.941387E+01
    ORGN   365    24  2006     1     1  0.253907E+02  0.607585E+02  0.842784E+02  0.192077E+03  0.200159E+03  0.268667E+03  0.640931E+02  0.160173E+03  0.148507E+03  0.375725E+02  0.941508E+01
    ORGN   365    24  2007     1     1  0.701605E+01  0.570127E+02  0.823171E+02  0.189003E+03  0.197640E+03  0.266512E+03  0.635588E+02  0.159752E+03  0.148286E+03  0.375658E+02  0.941624E+01
    ORGN   365    24  2008     1     1  0.290917E+02  0.631943E+02  0.833624E+02  0.188467E+03  0.197103E+03  0.265691E+03  0.636205E+02  0.159752E+03  0.148129E+03  0.375598E+02  0.941700E+01
    ORGN   365    24  2009     1     1  0.574757E+01  0.518143E+02  0.937946E+02  0.186439E+03  0.195260E+03  0.264263E+03  0.631868E+02  0.159446E+03  0.147948E+03  0.375545E+02  0.941834E+01
    ORGN   365    24  2010     1     1  0.333790E+02  0.535687E+02  0.912173E+02  0.185636E+03  0.194493E+03  0.263404E+03  0.630327E+02  0.159413E+03  0.147780E+03  0.375477E+02  0.941909E+01
    ORGN   365    24  2011     1     1  0.704391E+01  0.544977E+02  0.894022E+02  0.183119E+03  0.192683E+03  0.261979E+03  0.626607E+02  0.159003E+03  0.147585E+03  0.375397E+02  0.941942E+01
    ORGN   365    24  2012     1     1  0.181461E+02  0.567132E+02  0.881015E+02  0.181687E+03  0.191783E+03  0.261255E+03  0.627324E+02  0.158913E+03  0.147391E+03  0.375314E+02  0.941994E+01
    ORGN   365    24  2013     1     1  0.602588E+01  0.551720E+02  0.868977E+02  0.179853E+03  0.190116E+03  0.259871E+03  0.622978E+02  0.158554E+03  0.147217E+03  0.375244E+02  0.942062E+01
    ORGN   365    24  2014     1     1  0.466768E+01  0.467906E+02  0.949231E+02  0.178481E+03  0.188906E+03  0.258785E+03  0.620208E+02  0.158391E+03  0.147067E+03  0.375185E+02  0.942170E+01
    ORGN   365    24  2015     1     1  0.351835E+02  0.549077E+02  0.956659E+02  0.178830E+03  0.188955E+03  0.258214E+03  0.619731E+02  0.158340E+03  0.146929E+03  0.375127E+02  0.942250E+01
    ORGN   365    24  2016     1     1  0.120669E+02  0.554140E+02  0.944377E+02  0.176774E+03  0.187038E+03  0.256820E+03  0.616278E+02  0.158064E+03  0.146738E+03  0.375046E+02  0.942320E+01
    ORGN   365    24  2017     1     1  0.487822E+02  0.600528E+02  0.948529E+02  0.176621E+03  0.186894E+03  0.256748E+03  0.617838E+02  0.158116E+03  0.146590E+03  0.374985E+02  0.942419E+01
    ORGN   365    24  2018     1     1  0.706554E+01  0.512280E+02  0.104075E+03  0.174370E+03  0.184730E+03  0.254974E+03  0.612753E+02  0.157733E+03  0.146406E+03  0.374923E+02  0.942570E+01
    ORGN   365    24  2019     1     1  0.285895E+02  0.545877E+02  0.100871E+03  0.173598E+03  0.184009E+03  0.254096E+03  0.610887E+02  0.157570E+03  0.146258E+03  0.374860E+02  0.942686E+01
    ORGN   365    24  2020     1     1  0.555566E+01  0.468734E+02  0.106886E+03  0.171268E+03  0.182103E+03  0.252526E+03  0.607083E+02  0.157237E+03  0.146076E+03  0.374782E+02  0.942781E+01
    ORGN   365    24  2021     1     1  0.222358E+02  0.537214E+02  0.105439E+03  0.170973E+03  0.181572E+03  0.251997E+03  0.606480E+02  0.157058E+03  0.145929E+03  0.374715E+02  0.942883E+01
    ORGN   365    24  2022     1     1  0.454424E+01  0.451295E+02  0.109966E+03  0.168698E+03  0.179744E+03  0.250451E+03  0.602743E+02  0.156759E+03  0.145755E+03  0.374641E+02  0.943013E+01
