-0.033,-1.5,0.2,5.33,400,10,1,0,0,0,0,0,0,1,1,1,8,0,2,0
0.01,0.05,0.15,0.25,0.55,0.65,1.35,2.0
1.450000047683715,1.450000047683715,1.450000047683715,1.450000047683715,1.52999997138977,1.52999997138977,1.600000023841858,1.600000023841858
0.3,0.3,0.3,0.3,0.3129999923706055,0.3029999923706055,0.07199999809265137,0.07199999809265137
0.16899999618530273,0.16899999618530273,0.16899999618530273,0.16899999618530273,0.19799999237060548,0.18100000381469727,0.02,0.02
19.799999999999997,19.799999999999997,19.799999999999997,19.799999999999997,19.799999999999997,19.799999999999997,198.0,198.0
19.799999999999997,19.799999999999997,19.799999999999997,19.799999999999997,19.799999999999997,19.799999999999997,198.0,198.0
450.0,450.0,450.0,450.0,430.0,430.0,920.0,920.0
320.0,320.0,320.0,320.0,260.0,280.0,50.0,50.0
0.01,0.01,0.01,0.01,0.0,0.0,0.0,0.0
0,0,0,0,0,0,0,0
6.699999809265137,6.699999809265137,6.699999809265137,6.699999809265137,6.900000095367432,6.900000095367432,8.0,8.0
19.700000762939453,19.700000762939453,19.700000762939453,19.700000762939453,24.700000762939453,22.899999618530273,5.0,5.0
2.5,2.5,2.5,2.5,2.5,2.5,2.5,2.5
19.720000553131097,19.720000553131097,19.720000553131097,19.720000553131097,6.380000138282775,4.059999930858612,1.1600000172853455,1.1600000172853455
0,0,0,0,0,0,0,0
-1,-1,-1,-1,-1,-1,-1,-1
-1,-1,-1,-1,-1,-1,-1,-1
3,3,3,3,3,3,3,3
12,12,12,12,12,12,12,12
10,10,10,10,10,10,10,10
-1,-1,-1,-1,-1,-1,-1,-1
-1,-1,-1,-1,-1,-1,-1,-1
40,40,40,40,40,40,40,40
120,120,120,120,120,120,120,120
23,23,23,23,23,23,23,23
39,39,39,39,39,39,39,39
48,48,48,48,48,48,48,48
35,35,35,35,35,35,35,35
50,50,50,50,50,50,50,50
50,50,50,50,50,50,50,50
50,50,50,50,50,50,50,50
50,50,50,50,50,50,50,50
1000,1000,1000,1000,1000,1000,1000,1000
2000,2000,2000,2000,2000,2000,2000,2000
0,0,0,0,0,0,0,0
0,0,0,0,0,0,0,0
0.025,0.025,0.025,0.025,0.025,0.025,0.025,0.025
0.25,0.25,0.25,0.25,0.25,0.25,0.25,0.25
0.25,0.25,0.25,0.25,0.25,0.25,0.25,0.25
0.6,0.6,0.6,0.6,0.6,0.6,0.6,0.6
0.16,0.16,0.16,0.16,0.16,0.16,0.16,0.16
3,3,3,3,3,3,3,3
1,1,1,1,1,1,1,1
0,0,0,0,0,0,0,0
45,45,45,45,45,45,45,45
1.5,1.5,1.5,1.5,1.5,1.5,1.5,1.5
0.15,0.15,0.15,0.15,0.15,0.15,0.15,0.15
0,0,0,0,0,0,0,0
0,0,0,0,0,0,0,0
0,0,0,0,0,0,0,0
0,0,0,0,0,0,0,0
0,0,0,0,0,0,0,0
0,0,0,0,0,0,0,0
