 3651995   1   0   0   1
 3651995   1  0.00000000E+000  0.00000000E+000  0.00000000E+000  0.00000000E+000  0.00000000E+000  0.00000000E+000  0.00000000E+000  0.00000000E+000  0.00000000E+000  0.00000000E+000  0.00000000E+000  0.00000000E+000
 3661996   1   0   0   1
 3661996   1  0.00000000E+000  0.00000000E+000  0.00000000E+000  0.00000000E+000  0.00000000E+000  0.00000000E+000  0.00000000E+000  0.00000000E+000  0.00000000E+000  0.00000000E+000  0.00000000E+000  0.00000000E+000
 3651997   1   0   0   1
 3651997   1  0.00000000E+000  0.00000000E+000  0.00000000E+000  0.00000000E+000  0.00000000E+000  0.00000000E+000  0.00000000E+000  0.00000000E+000  0.00000000E+000  0.00000000E+000  0.00000000E+000  0.00000000E+000
 3651998   1   0   0   1
 3651998   1  0.00000000E+000  0.00000000E+000  0.00000000E+000  0.00000000E+000  0.00000000E+000  0.00000000E+000  0.00000000E+000  0.00000000E+000  0.00000000E+000  0.00000000E+000  0.00000000E+000  0.00000000E+000
 3651999   2   1   0   1   1   0
 3651999   2  0.00000000E+000  0.00000000E+000  0.00000000E+000  0.00000000E+000  0.00000000E+000  0.00000000E+000  0.00000000E+000  0.00000000E+000  0.00000000E+000  0.00000000E+000  0.00000000E+000  0.00000000E+000  0.00000000E+000  0.00000000E+000  0.00000000E+000
  0.00000000E+000  0.00000000E+000  0.00000000E+000  0.00000000E+000  0.00000000E+000  0.00000000E+000  0.00000000E+000  0.00000000E+000  0.00000000E+000
 3651999   2    1999     305 1000000 1000000   2   0   0   1   1   1   0   3   4   2   4   3   2
 3651999   2 -0.35218273E+000  0.36519274E-006  0.87201926E+000  0.90025857E-008  0.13184593E+000  0.90109305E-009  0.00000000E+000 -0.62068495E+001 -0.20876571E-002  0.10260675E+002 -0.59976412E+001  0.26715236E+003 -0.59976412E+001  0.26715236E+003  0.87914371E-003
  0.55085764E+000  0.44076751E-004 -0.12055409E+000 -0.17026235E+001  0.15820694E+001  0.15146677E-001  0.28031602E+000  0.15286266E-001  0.40000000E+003  0.00000000E+000  0.00000000E+000  0.00000000E+000  0.00000000E+000  0.00000000E+000  0.00000000E+000
 -0.34528365E+001  0.00000000E+000  0.00000000E+000  0.00000000E+000  0.13902865E-002  0.00000000E+000  0.40000000E+003  0.40000000E+003  0.00000000E+000  0.00000000E+000  0.00000000E+000  0.18129344E+000  0.12236338E-005  0.95000000E+000  0.00000000E+000
  0.00000000E+000  0.00000000E+000  0.00000000E+000  0.00000000E+000  0.00000000E+000
 3651999   2  0.80000000E+001
 3651999   2  0.52565255E+001
 3651999   2  0.30037850E+001
 3651999   2  0.00000000E+000
 3651999   2  0.15622100E+001
 3651999   2  0.30037850E+001
 3651999   2  0.28159256E+000
 3651999   2  0.00000000E+000
 3651999   2  0.14079628E+000
 3651999   2  0.00000000E+000
 3651999   2  0.21600000E+003
 3651999   2  0.00000000E+000
 3651999   2  0.21600000E+003
 3651999   2  0.00000000E+000
 3651999   2  0.16533837E+003
 3651999   2  0.00000000E+000
 3651999   2  0.00000000E+000
 3651999   2     1
 3651999   2     0
 3651999   2     0
 3651999   2     0
 3651999   2     0
 3651999   2     0
 3651999   2     0
 3651999   2     2
 3651999   2     2
 3651999   2     1
 3651999   2   305
 3651999   2   305
 3651999   2     0
 3651999   2     0
 3651999   2     0
 3651999   2     0
 3651999   2     0
 3651999   2     0
 3651999   2     0
 3651999   2     0
 3662000   2   0   0   0   1   1
 3662000   2  0.00000000E+000  0.00000000E+000  0.00000000E+000  0.00000000E+000  0.00000000E+000  0.00000000E+000  0.00000000E+000  0.00000000E+000  0.00000000E+000  0.00000000E+000  0.00000000E+000  0.00000000E+000  0.00000000E+000  0.00000000E+000  0.00000000E+000
  0.00000000E+000  0.00000000E+000  0.00000000E+000  0.00000000E+000  0.00000000E+000  0.00000000E+000  0.00000000E+000  0.00000000E+000  0.00000000E+000
 3652001   1   0   0   1
 3652001   1  0.00000000E+000  0.00000000E+000  0.00000000E+000  0.00000000E+000  0.00000000E+000  0.00000000E+000  0.00000000E+000  0.00000000E+000  0.00000000E+000  0.00000000E+000  0.00000000E+000  0.00000000E+000
 3652002   1   0   0   1
 3652002   1  0.00000000E+000  0.00000000E+000  0.00000000E+000  0.00000000E+000  0.00000000E+000  0.00000000E+000  0.00000000E+000  0.00000000E+000  0.00000000E+000  0.00000000E+000  0.00000000E+000  0.00000000E+000
 3652003   1   0   0   1
 3652003   1  0.00000000E+000  0.00000000E+000  0.00000000E+000  0.00000000E+000  0.00000000E+000  0.00000000E+000  0.00000000E+000  0.00000000E+000  0.00000000E+000  0.00000000E+000  0.00000000E+000  0.00000000E+000
 3662004   1   0   0   1
 3662004   1  0.00000000E+000  0.00000000E+000  0.00000000E+000  0.00000000E+000  0.00000000E+000  0.00000000E+000  0.00000000E+000  0.00000000E+000  0.00000000E+000  0.00000000E+000  0.00000000E+000  0.00000000E+000
 3652005   1   0   0   1
 3652005   1  0.00000000E+000  0.00000000E+000  0.00000000E+000  0.00000000E+000  0.00000000E+000  0.00000000E+000  0.00000000E+000  0.00000000E+000  0.00000000E+000  0.00000000E+000  0.00000000E+000  0.00000000E+000
 3652006   1   0   0   1
 3652006   1  0.00000000E+000  0.00000000E+000  0.00000000E+000  0.00000000E+000  0.00000000E+000  0.00000000E+000  0.00000000E+000  0.00000000E+000  0.00000000E+000  0.00000000E+000  0.00000000E+000  0.00000000E+000
 3652007   1   0   0   1
 3652007   1  0.00000000E+000  0.00000000E+000  0.00000000E+000  0.00000000E+000  0.00000000E+000  0.00000000E+000  0.00000000E+000  0.00000000E+000  0.00000000E+000  0.00000000E+000  0.00000000E+000  0.00000000E+000
 3662008   1   0   0   1
 3662008   1  0.00000000E+000  0.00000000E+000  0.00000000E+000  0.00000000E+000  0.00000000E+000  0.00000000E+000  0.00000000E+000  0.00000000E+000  0.00000000E+000  0.00000000E+000  0.00000000E+000  0.00000000E+000
 3652009   1   0   0   1
 3652009   1  0.00000000E+000  0.00000000E+000  0.00000000E+000  0.00000000E+000  0.00000000E+000  0.00000000E+000  0.00000000E+000  0.00000000E+000  0.00000000E+000  0.00000000E+000  0.00000000E+000  0.00000000E+000
 3652010   1   0   0   1
 3652010   1  0.00000000E+000  0.00000000E+000  0.00000000E+000  0.00000000E+000  0.00000000E+000  0.00000000E+000  0.00000000E+000  0.00000000E+000  0.00000000E+000  0.00000000E+000  0.00000000E+000  0.00000000E+000
 3652011   1   0   0   1
 3652011   1  0.00000000E+000  0.00000000E+000  0.00000000E+000  0.00000000E+000  0.00000000E+000  0.00000000E+000  0.00000000E+000  0.00000000E+000  0.00000000E+000  0.00000000E+000  0.00000000E+000  0.00000000E+000
 3662012   1   0   0   1
 3662012   1  0.00000000E+000  0.00000000E+000  0.00000000E+000  0.00000000E+000  0.00000000E+000  0.00000000E+000  0.00000000E+000  0.00000000E+000  0.00000000E+000  0.00000000E+000  0.00000000E+000  0.00000000E+000
 3652013   1   0   0   1
 3652013   1  0.00000000E+000  0.00000000E+000  0.00000000E+000  0.00000000E+000  0.00000000E+000  0.00000000E+000  0.00000000E+000  0.00000000E+000  0.00000000E+000  0.00000000E+000  0.00000000E+000  0.00000000E+000
 3652014   2   1   0   1   1   0
 3652014   2  0.00000000E+000  0.00000000E+000  0.00000000E+000  0.00000000E+000  0.00000000E+000  0.00000000E+000  0.00000000E+000  0.00000000E+000  0.00000000E+000  0.00000000E+000  0.00000000E+000  0.00000000E+000  0.00000000E+000  0.00000000E+000  0.00000000E+000
  0.00000000E+000  0.00000000E+000  0.00000000E+000  0.00000000E+000  0.00000000E+000  0.00000000E+000  0.00000000E+000  0.00000000E+000  0.00000000E+000
 3652014   2    2014     304 1000000 1000000   2   0   0   1   1   1   0   2   3   2   3   2
 3652014   2 -0.22369869E+000  0.11280437E-007  0.12382659E+000  0.24752422E-009  0.21359039E-001  0.24905136E-010  0.00000000E+000 -0.21927941E+001 -0.61190590E-003  0.30502518E+001 -0.99097833E+001  0.26324022E+003 -0.99097833E+001  0.26324022E+003  0.15377494E-003
  0.16757545E+000  0.23860009E-004 -0.77785678E-001 -0.16912428E+001  0.16134571E+001  0.54732809E-002  0.16012046E+000  0.67229279E-002  0.40000000E+003  0.00000000E+000  0.00000000E+000  0.00000000E+000  0.00000000E+000  0.00000000E+000  0.00000000E+000
 -0.17831866E+001  0.89349205E+002  0.79379132E+001  0.13245318E+001  0.54280255E-003  0.00000000E+000  0.40000000E+003  0.40000000E+003  0.00000000E+000  0.00000000E+000  0.00000000E+000  0.14914710E+000  0.00000000E+000  0.95000000E+000  0.00000000E+000
  0.00000000E+000  0.00000000E+000  0.00000000E+000  0.00000000E+000  0.00000000E+000
 3652014   2  0.80000000E+001
 3652014   2  0.42431104E+001
 3652014   2  0.30050320E+001
 3652014   2  0.00000000E+000
 3652014   2  0.86061492E+000
 3652014   2  0.30050320E+001
 3652014   2  0.15475981E+000
 3652014   2  0.00000000E+000
 3652014   2  0.77379904E-001
 3652014   2  0.00000000E+000
 3652014   2  0.21600000E+003
 3652014   2  0.00000000E+000
 3652014   2  0.21600000E+003
 3652014   2  0.00000000E+000
 3652014   2  0.92022268E+002
 3652014   2  0.00000000E+000
 3652014   2  0.00000000E+000
 3652014   2     1
 3652014   2     0
 3652014   2     0
 3652014   2     0
 3652014   2     0
 3652014   2     0
 3652014   2     0
 3652014   2     1
 3652014   2     1
 3652014   2     1
 3652014   2   305
 3652014   2   305
 3652014   2     0
 3652014   2     0
 3652014   2     0
 3652014   2     0
 3652014   2     0
 3652014   2     0
 3652014   2     0
 3652014   2     0
 3652015   2   0   0   0   1   1
 3652015   2  0.00000000E+000  0.00000000E+000  0.00000000E+000  0.00000000E+000  0.00000000E+000  0.00000000E+000  0.00000000E+000  0.00000000E+000  0.00000000E+000  0.00000000E+000  0.00000000E+000  0.00000000E+000  0.00000000E+000  0.00000000E+000  0.00000000E+000
  0.00000000E+000  0.00000000E+000  0.00000000E+000  0.00000000E+000  0.00000000E+000  0.00000000E+000  0.00000000E+000  0.00000000E+000  0.00000000E+000
 3662016   1   0   0   1
 3662016   1  0.00000000E+000  0.00000000E+000  0.00000000E+000  0.00000000E+000  0.00000000E+000  0.00000000E+000  0.00000000E+000  0.00000000E+000  0.00000000E+000  0.00000000E+000  0.00000000E+000  0.00000000E+000
 3652017   1   0   0   1
 3652017   1  0.00000000E+000  0.00000000E+000  0.00000000E+000  0.00000000E+000  0.00000000E+000  0.00000000E+000  0.00000000E+000  0.00000000E+000  0.00000000E+000  0.00000000E+000  0.00000000E+000  0.00000000E+000
 3652018   1   0   0   1
 3652018   1  0.00000000E+000  0.00000000E+000  0.00000000E+000  0.00000000E+000  0.00000000E+000  0.00000000E+000  0.00000000E+000  0.00000000E+000  0.00000000E+000  0.00000000E+000  0.00000000E+000  0.00000000E+000
 3652019   1   0   0   1
 3652019   1  0.00000000E+000  0.00000000E+000  0.00000000E+000  0.00000000E+000  0.00000000E+000  0.00000000E+000  0.00000000E+000  0.00000000E+000  0.00000000E+000  0.00000000E+000  0.00000000E+000  0.00000000E+000
 3662020   1   0   0   1
 3662020   1  0.00000000E+000  0.00000000E+000  0.00000000E+000  0.00000000E+000  0.00000000E+000  0.00000000E+000  0.00000000E+000  0.00000000E+000  0.00000000E+000  0.00000000E+000  0.00000000E+000  0.00000000E+000
 3652021   1   0   0   1
 3652021   1  0.00000000E+000  0.00000000E+000  0.00000000E+000  0.00000000E+000  0.00000000E+000  0.00000000E+000  0.00000000E+000  0.00000000E+000  0.00000000E+000  0.00000000E+000  0.00000000E+000  0.00000000E+000
 3652022   1   0   0   1
 3652022   1  0.00000000E+000  0.00000000E+000  0.00000000E+000  0.00000000E+000  0.00000000E+000  0.00000000E+000  0.00000000E+000  0.00000000E+000  0.00000000E+000  0.00000000E+000  0.00000000E+000  0.00000000E+000
