 3651999   2 -0.18565430E+000 -0.61358604E+000 -0.91021268E+000 -0.62285834E-001 -0.10000000E-001 -0.10000000E-001 -0.10000000E-001 -0.10000000E-001
 3651999   2 -0.17577255E+001 -0.19746158E+001 -0.21221582E+001 -0.16934680E+001 -0.12600000E+001 -0.12600000E+001 -0.12600000E+001 -0.12600000E+001
 3651999   2  0.15720712E+001  0.13610298E+001  0.12119455E+001  0.16311821E+001  0.12500000E+001  0.12500000E+001  0.12500000E+001  0.12500000E+001
 3651999   2  0.12000000E+004  0.12000000E+004  0.80000000E+003  0.40000000E+003  0.00000000E+000  0.00000000E+000  0.00000000E+000  0.00000000E+000
 3651999   2  0.75300000E+006  0.30120000E+007  0.50200000E+007  0.25100000E+007  0.00000000E+000  0.00000000E+000  0.00000000E+000  0.00000000E+000
 3651999   2  0.11000852E+000  0.30799736E+001  0.15687313E+001  0.61912041E+000  0.00000000E+000  0.00000000E+000  0.00000000E+000  0.00000000E+000
 3651999   2  0.11000852E+002  0.76999339E+002  0.15687313E+002  0.61912041E+001  0.00000000E+000  0.00000000E+000  0.00000000E+000  0.00000000E+000
 3651999   2  0.21770083E-006  0.14158019E-004  0.41261217E-005  0.24231391E-005  0.00000000E+000  0.00000000E+000  0.00000000E+000  0.00000000E+000
 3651999   2  0.19593074E-005  0.12742217E-003  0.37135095E-004  0.21808252E-004  0.00000000E+000  0.00000000E+000  0.00000000E+000  0.00000000E+000
 3651999   2  0.20000000E-003  0.20000000E-003  0.20000000E-003  0.20000000E-003  0.20000000E-003  0.20000000E-003  0.20000000E-003  0.20000000E-003
 3651999   2  0.10000000E-003  0.10000000E-003  0.10000000E-003  0.10000000E-003  0.10000000E-003  0.10000000E-003  0.10000000E-003  0.10000000E-003
 3651999   2  0.69118351E-004  0.22242938E-002  0.12237410E-002  0.50687467E-003  0.00000000E+000  0.00000000E+000  0.00000000E+000  0.00000000E+000
 3651999   2  0.10000000E-002  0.10000000E-002  0.10000000E-002  0.10000000E-002  0.10000000E-002  0.10000000E-002  0.10000000E-002  0.10000000E-002
 3651999   2  0.63604676E-005  0.16136201E-003  0.79113624E-004  0.49358763E-004  0.00000000E+000  0.00000000E+000  0.00000000E+000  0.00000000E+000
 3651999   2 -0.63327624E-005 -0.16057242E-003 -0.78745630E-004 -0.49128031E-004  0.00000000E+000  0.00000000E+000  0.00000000E+000  0.00000000E+000
 3651999   2  0.63327624E-005  0.16057242E-003  0.78745630E-004  0.49128031E-004  0.00000000E+000  0.00000000E+000  0.00000000E+000  0.00000000E+000
 3651999   2  0.99348151E-007  0.24523805E-004  0.11469052E-004  0.74725843E-005  0.00000000E+000  0.00000000E+000  0.00000000E+000  0.00000000E+000
 3651999   2  0.66538230E-004  0.37557994E-002  0.11169072E-002  0.67593658E-003  0.00000000E+000  0.00000000E+000  0.00000000E+000  0.00000000E+000
 3651999   2  0.21330048E-009  0.29846703E-008  0.26792814E-009  0.11155358E-009  0.00000000E+000  0.00000000E+000  0.00000000E+000  0.00000000E+000
 3651999   2  0.10302395E-009  0.63493200E-008  0.18587667E-008  0.10624823E-008  0.00000000E+000  0.00000000E+000  0.00000000E+000  0.00000000E+000
 3651999   2  0.54972019E-012  0.61432106E-011  0.19136408E-011 -0.11531518E-007  0.00000000E+000  0.00000000E+000  0.00000000E+000  0.00000000E+000
 3651999   2  0.34678157E-005  0.38631251E-003  0.18213651E-003  0.11569241E-003  0.00000000E+000  0.00000000E+000  0.00000000E+000  0.00000000E+000
 3651999   2  0.29181269E-004  0.16677981E-002  0.49932139E-003  0.29823574E-003  0.00000000E+000  0.00000000E+000  0.00000000E+000  0.00000000E+000
 3651999   2  0.10816447E-009  0.14470076E-008  0.11180142E-009  0.50250942E-010  0.00000000E+000  0.00000000E+000  0.00000000E+000  0.00000000E+000
 3651999   2  0.18557375E-008  0.74704227E-007  0.22089192E-007  0.12312839E-007  0.00000000E+000  0.00000000E+000  0.00000000E+000  0.00000000E+000
 3651999   2  0.70166557E-009  0.25163784E-007  0.80458120E-008  0.18914677E-008  0.00000000E+000  0.00000000E+000  0.00000000E+000  0.00000000E+000
 3651999   2  0.62316118E-001  0.17047380E+001  0.94316961E+000  0.75034931E+000  0.00000000E+000  0.00000000E+000  0.00000000E+000  0.00000000E+000
 3651999   2  0.10607468E+000  0.30069288E+001  0.17475646E+001  0.95827050E+000  0.00000000E+000  0.00000000E+000  0.00000000E+000  0.00000000E+000
 3651999   2  0.38947574E-002  0.10654613E+000  0.54711528E-001  0.28516238E-001  0.00000000E+000  0.00000000E+000  0.00000000E+000  0.00000000E+000
 3651999   2  0.18106937E-004  0.42842402E-003  0.20771322E-003  0.13155932E-003  0.00000000E+000  0.00000000E+000  0.00000000E+000  0.00000000E+000
 3651999   2  0.20521196E-006  0.28106872E-005  0.13031576E-005  0.33421447E-006  0.00000000E+000  0.00000000E+000  0.00000000E+000  0.00000000E+000
 3651999   2  0.90961011E-006  0.22235771E-004  0.87455082E-005  0.29134644E-005  0.00000000E+000  0.00000000E+000  0.00000000E+000  0.00000000E+000
 3651999   2  0.23764343E-006  0.67980151E-005  0.26955234E-005  0.92489608E-006  0.00000000E+000  0.00000000E+000  0.00000000E+000  0.00000000E+000
 3651999   2  0.22300051E-007  0.64525118E-006  0.21096319E-006  0.64625359E-007  0.00000000E+000  0.00000000E+000  0.00000000E+000  0.00000000E+000
 3651999   2  0.12984047E-006  0.22434759E-005  0.12550878E-005  0.37180658E-006  0.00000000E+000  0.00000000E+000  0.00000000E+000  0.00000000E+000
 3651999   2  0.69853856E-006  0.23991885E-004  0.11833737E-004  0.47930091E-005  0.00000000E+000  0.00000000E+000  0.00000000E+000  0.00000000E+000
 3651999   2  0.00000000E+000  0.00000000E+000  0.00000000E+000  0.00000000E+000  0.00000000E+000  0.00000000E+000  0.00000000E+000  0.00000000E+000
 3651999   2  0.00000000E+000  0.00000000E+000  0.00000000E+000  0.00000000E+000  0.00000000E+000  0.00000000E+000  0.00000000E+000  0.00000000E+000
 3651999   2  0.99563726E+000  0.99509993E+000  0.99535541E+000  0.99534376E+000  0.10000000E+001  0.10000000E+001  0.10000000E+001  0.10000000E+001
 3651999   2  0.43758563E-001  0.11678893E+001  0.64460704E+000  0.50201069E+000  0.00000000E+000  0.00000000E+000  0.00000000E+000  0.00000000E+000
 3651999   2  0.89337962E-002  0.24192657E+000  0.13380791E+000  0.10399138E+000  0.00000000E+000  0.00000000E+000  0.00000000E+000  0.00000000E+000
 3651999   2  0.12564720E-002  0.34044277E-001  0.18798110E-001  0.14599232E-001  0.00000000E+000  0.00000000E+000  0.00000000E+000  0.00000000E+000
 3651999   2  0.24380899E+000  0.13885256E+000  0.47303039E-001
 3651999   2  0.50630965E+000  0.26929920E+000  0.62696997E-001
 3651999   2  0.12657741E-001  0.67324800E-002  0.15674249E-002
 3651999   2  0.12657741E-002  0.67324800E-003  0.15674249E-003
 3651999   2  0.25100000E+006  0.10040000E+007  0.25100000E+007  0.25100000E+007  0.00000000E+000  0.00000000E+000  0.00000000E+000  0.00000000E+000
 3651999   2  0.00000000E+000  0.29402873E-001  0.10059637E+000  0.93809743E-001  0.00000000E+000  0.00000000E+000  0.00000000E+000  0.00000000E+000
 3651999   2  0.00000000E+000  0.66516355E-001  0.22757314E+000  0.21222015E+000  0.00000000E+000  0.00000000E+000  0.00000000E+000  0.00000000E+000
 3651999   2  0.00000000E+000  0.16629089E-002  0.56893285E-002  0.53055038E-002  0.00000000E+000  0.00000000E+000  0.00000000E+000  0.00000000E+000
 3651999   2  0.00000000E+000  0.16629089E-003  0.56893285E-003  0.53055038E-003  0.00000000E+000  0.00000000E+000  0.00000000E+000  0.00000000E+000
 3651999   2  0.35688071E-001  0.10617796E+001  0.44766152E+000  0.24403966E+000  0.00000000E+000  0.00000000E+000  0.00000000E+000  0.00000000E+000
 3651999   2  0.89220178E-003  0.26544491E-001  0.11191538E-001  0.61009915E-002  0.00000000E+000  0.00000000E+000  0.00000000E+000  0.00000000E+000
 3651999   2  0.89220178E-004  0.26544491E-002  0.11191538E-002  0.61009915E-003  0.00000000E+000  0.00000000E+000  0.00000000E+000  0.00000000E+000
 3651999   2  0.25219620E+002  0.75046936E+003  0.31628514E+003  0.17260037E+003  0.00000000E+000  0.00000000E+000  0.00000000E+000  0.00000000E+000
 3651999   2  0.25100000E+006  0.10040000E+007  0.25100000E+007  0.00000000E+000  0.00000000E+000  0.00000000E+000  0.00000000E+000  0.00000000E+000
 3651999   2  0.00000000E+000  0.29963736E-001  0.88888821E-001  0.00000000E+000  0.00000000E+000  0.00000000E+000  0.00000000E+000  0.00000000E+000
 3651999   2  0.00000000E+000  0.67785161E-001  0.20151404E+000  0.00000000E+000  0.00000000E+000  0.00000000E+000  0.00000000E+000  0.00000000E+000
 3651999   2  0.00000000E+000  0.16946290E-002  0.50378509E-002  0.00000000E+000  0.00000000E+000  0.00000000E+000  0.00000000E+000  0.00000000E+000
 3651999   2  0.00000000E+000  0.16946290E-003  0.50378509E-003  0.00000000E+000  0.00000000E+000  0.00000000E+000  0.00000000E+000  0.00000000E+000
 3651999   2  0.23614065E-001  0.51801719E+000  0.22620889E+000  0.00000000E+000  0.00000000E+000  0.00000000E+000  0.00000000E+000  0.00000000E+000
 3651999   2  0.59035162E-003  0.12950430E-001  0.56552223E-002  0.00000000E+000  0.00000000E+000  0.00000000E+000  0.00000000E+000  0.00000000E+000
 3651999   2  0.59035162E-004  0.12950430E-002  0.56552223E-003  0.00000000E+000  0.00000000E+000  0.00000000E+000  0.00000000E+000  0.00000000E+000
 3651999   2  0.16678293E+002  0.36578039E+003  0.15961923E+003  0.00000000E+000  0.00000000E+000  0.00000000E+000  0.00000000E+000  0.00000000E+000
 3651999   2  0.25100000E+006  0.10040000E+007  0.00000000E+000  0.00000000E+000  0.00000000E+000  0.00000000E+000  0.00000000E+000  0.00000000E+000
 3651999   2  0.00000000E+000  0.27303039E-001  0.00000000E+000  0.00000000E+000  0.00000000E+000  0.00000000E+000  0.00000000E+000  0.00000000E+000
 3651999   2  0.00000000E+000  0.62696997E-001  0.00000000E+000  0.00000000E+000  0.00000000E+000  0.00000000E+000  0.00000000E+000  0.00000000E+000
 3651999   2  0.00000000E+000  0.15674249E-002  0.00000000E+000  0.00000000E+000  0.00000000E+000  0.00000000E+000  0.00000000E+000  0.00000000E+000
 3651999   2  0.00000000E+000  0.15674249E-003  0.00000000E+000  0.00000000E+000  0.00000000E+000  0.00000000E+000  0.00000000E+000  0.00000000E+000
 3651999   2  0.30139814E-002  0.62244196E-001  0.00000000E+000  0.00000000E+000  0.00000000E+000  0.00000000E+000  0.00000000E+000  0.00000000E+000
 3651999   2  0.75349535E-004  0.15561049E-002  0.00000000E+000  0.00000000E+000  0.00000000E+000  0.00000000E+000  0.00000000E+000  0.00000000E+000
 3651999   2  0.75349535E-005  0.15561049E-003  0.00000000E+000  0.00000000E+000  0.00000000E+000  0.00000000E+000  0.00000000E+000  0.00000000E+000
 3651999   2  0.21054937E+001  0.43333942E+002  0.00000000E+000  0.00000000E+000  0.00000000E+000  0.00000000E+000  0.00000000E+000  0.00000000E+000
 3651999   2 -0.18595667E+000 -0.62434054E+000 -0.93819775E+000 -0.62256135E-001 -0.10000000E-001 -0.10000000E-001 -0.10000000E-001 -0.10000000E-001
 3651999   2 -0.17794528E+001 -0.19902548E+001 -0.21322577E+001 -0.17017029E+001 -0.12600000E+001 -0.12600000E+001 -0.12600000E+001 -0.12600000E+001
 3651999   2  0.15934961E+001  0.13659143E+001  0.11940600E+001  0.16394468E+001  0.12500000E+001  0.12500000E+001  0.12500000E+001  0.12500000E+001
 3651999   2  0.00000000E+000  0.00000000E+000  0.00000000E+000  0.00000000E+000  0.00000000E+000  0.00000000E+000  0.00000000E+000  0.00000000E+000
 3651999   2  0.75300000E+006  0.30120000E+007  0.50200000E+007  0.25100000E+007  0.00000000E+000  0.00000000E+000  0.00000000E+000  0.00000000E+000
 3651999   2  0.26176362E-003  0.34332228E+002  0.37954656E+002  0.15992988E+002  0.00000000E+000  0.00000000E+000  0.00000000E+000  0.00000000E+000
 3651999   2  0.26176362E-001  0.85830569E+003  0.37954656E+003  0.15992988E+003  0.00000000E+000  0.00000000E+000  0.00000000E+000  0.00000000E+000
 3651999   2  0.14432780E-011  0.14789261E-006  0.14260633E-006  0.82382147E-007  0.00000000E+000  0.00000000E+000  0.00000000E+000  0.00000000E+000
 3651999   2  0.12989502E-010  0.13310335E-005  0.12834570E-005  0.74143932E-006  0.00000000E+000  0.00000000E+000  0.00000000E+000  0.00000000E+000
 3651999   2  0.50000000E-005  0.50000000E-005  0.50000000E-005  0.50000000E-005  0.50000000E-005  0.50000000E-005  0.50000000E-005  0.50000000E-005
 3651999   2  0.50000000E-005  0.50000000E-005  0.50000000E-005  0.50000000E-005  0.50000000E-005  0.50000000E-005  0.50000000E-005  0.50000000E-005
 3651999   2  0.82233040E-008  0.10785469E-002  0.11923455E-002  0.50241972E-003  0.00000000E+000  0.00000000E+000  0.00000000E+000  0.00000000E+000
 3651999   2  0.10000000E-002  0.45593928E-002  0.30242754E-002  0.25486833E-002  0.10000000E-002  0.10000000E-002  0.10000000E-002  0.10000000E-002
 3651999   2  0.22343010E-006  0.29712265E-004  0.25721578E-004  0.15818946E-004  0.00000000E+000  0.00000000E+000  0.00000000E+000  0.00000000E+000
 3651999   2 -0.13048986E-009 -0.29563758E-004 -0.25602267E-004 -0.15745642E-004  0.00000000E+000  0.00000000E+000  0.00000000E+000  0.00000000E+000
 3651999   2  0.13048986E-009  0.29563758E-004  0.25602267E-004  0.15745642E-004  0.00000000E+000  0.00000000E+000  0.00000000E+000  0.00000000E+000
 3651999   2  0.00000000E+000  0.00000000E+000  0.00000000E+000  0.00000000E+000  0.00000000E+000  0.00000000E+000  0.00000000E+000  0.00000000E+000
 3651999   2  0.00000000E+000  0.00000000E+000  0.00000000E+000  0.00000000E+000  0.00000000E+000  0.00000000E+000  0.00000000E+000  0.00000000E+000
 3651999   2  0.00000000E+000  0.00000000E+000  0.00000000E+000  0.00000000E+000  0.00000000E+000  0.00000000E+000  0.00000000E+000  0.00000000E+000
 3651999   2  0.00000000E+000  0.00000000E+000  0.00000000E+000  0.00000000E+000  0.00000000E+000  0.00000000E+000  0.00000000E+000  0.00000000E+000
 3651999   2  0.00000000E+000  0.00000000E+000  0.00000000E+000  0.00000000E+000  0.00000000E+000  0.00000000E+000  0.00000000E+000  0.00000000E+000
 3651999   2  0.65460708E-010  0.42187134E-005  0.63817663E-005  0.39035908E-005  0.00000000E+000  0.00000000E+000  0.00000000E+000  0.00000000E+000
 3651999   2  0.00000000E+000  0.00000000E+000  0.00000000E+000  0.00000000E+000  0.00000000E+000  0.00000000E+000  0.00000000E+000  0.00000000E+000
 3651999   2  0.00000000E+000  0.00000000E+000  0.00000000E+000  0.00000000E+000  0.00000000E+000  0.00000000E+000  0.00000000E+000  0.00000000E+000
 3651999   2  0.00000000E+000  0.00000000E+000  0.00000000E+000  0.00000000E+000  0.00000000E+000  0.00000000E+000  0.00000000E+000  0.00000000E+000
 3651999   2  0.00000000E+000  0.00000000E+000  0.00000000E+000  0.00000000E+000  0.00000000E+000  0.00000000E+000  0.00000000E+000  0.00000000E+000
 3651999   2  0.40757871E-006  0.48723170E-001  0.53743406E-001  0.22612486E-001  0.00000000E+000  0.00000000E+000  0.00000000E+000  0.00000000E+000
 3651999   2  0.21687175E-002  0.10648851E+000  0.85474464E-001  0.47335497E-001  0.00000000E+000  0.00000000E+000  0.00000000E+000  0.00000000E+000
 3651999   2  0.25473670E-007  0.30451981E-002  0.33589629E-002  0.14132804E-002  0.00000000E+000  0.00000000E+000  0.00000000E+000  0.00000000E+000
 3651999   2  0.63524252E-006  0.79133080E-004  0.67531273E-004  0.42151611E-004  0.00000000E+000  0.00000000E+000  0.00000000E+000  0.00000000E+000
 3651999   2  0.16583081E-013  0.15568825E-005  0.15642179E-005  0.57436910E-006  0.00000000E+000  0.00000000E+000  0.00000000E+000  0.00000000E+000
 3651999   2  0.63072874E-013  0.10608661E-004  0.89007266E-005  0.46302254E-005  0.00000000E+000  0.00000000E+000  0.00000000E+000  0.00000000E+000
 3651999   2  0.16483918E-013  0.32407570E-005  0.27598336E-005  0.14804418E-005  0.00000000E+000  0.00000000E+000  0.00000000E+000  0.00000000E+000
 3651999   2  0.15469106E-014  0.30760010E-006  0.21564196E-006  0.10322781E-006  0.00000000E+000  0.00000000E+000  0.00000000E+000  0.00000000E+000
 3651999   2  0.10492247E-013  0.12430403E-005  0.15070069E-005  0.63913450E-006  0.00000000E+000  0.00000000E+000  0.00000000E+000  0.00000000E+000
 3651999   2  0.48437043E-013  0.11446498E-004  0.12043765E-004  0.76175733E-005  0.00000000E+000  0.00000000E+000  0.00000000E+000  0.00000000E+000
 3651999   2  0.00000000E+000  0.00000000E+000  0.00000000E+000  0.00000000E+000  0.00000000E+000  0.00000000E+000  0.00000000E+000  0.00000000E+000
 3651999   2  0.00000000E+000  0.00000000E+000  0.00000000E+000  0.00000000E+000  0.00000000E+000  0.00000000E+000  0.00000000E+000  0.00000000E+000
 3651999   2  0.58489325E-003  0.99499258E+000  0.99535092E+000  0.99536315E+000  0.10000000E+001  0.10000000E+001  0.10000000E+001  0.10000000E+001
 3651999   2  0.21683099E-002  0.57765344E-001  0.31731057E-001  0.24723011E-001  0.00000000E+000  0.00000000E+000  0.00000000E+000  0.00000000E+000
 3651999   2  0.44692644E-003  0.12211988E-001  0.68453896E-002  0.52819059E-002  0.00000000E+000  0.00000000E+000  0.00000000E+000  0.00000000E+000
 3651999   2  0.62804626E-004  0.17184389E-002  0.95753320E-003  0.73792198E-003  0.00000000E+000  0.00000000E+000  0.00000000E+000  0.00000000E+000
 3651999   2  0.20000000E-001  0.20000000E-001  0.20000000E-001
 3651999   2  0.00000000E+000  0.00000000E+000  0.00000000E+000
 3651999   2  0.00000000E+000  0.00000000E+000  0.00000000E+000
 3651999   2  0.00000000E+000  0.00000000E+000  0.00000000E+000
 3651999   2  0.25100000E+006  0.10040000E+007  0.25100000E+007  0.25100000E+007  0.00000000E+000  0.00000000E+000  0.00000000E+000  0.00000000E+000
 3651999   2  0.00000000E+000  0.00000000E+000  0.00000000E+000  0.00000000E+000  0.00000000E+000  0.00000000E+000  0.00000000E+000  0.00000000E+000
 3651999   2  0.00000000E+000  0.00000000E+000  0.00000000E+000  0.00000000E+000  0.00000000E+000  0.00000000E+000  0.00000000E+000  0.00000000E+000
 3651999   2  0.00000000E+000  0.00000000E+000  0.00000000E+000  0.00000000E+000  0.00000000E+000  0.00000000E+000  0.00000000E+000  0.00000000E+000
 3651999   2  0.00000000E+000  0.00000000E+000  0.00000000E+000  0.00000000E+000  0.00000000E+000  0.00000000E+000  0.00000000E+000  0.00000000E+000
 3651999   2  0.14881816E-006  0.22630240E-001  0.38280487E-001  0.22612486E-001  0.00000000E+000  0.00000000E+000  0.00000000E+000  0.00000000E+000
 3651999   2  0.37204540E-008  0.56575600E-003  0.95701218E-003  0.56531214E-003  0.00000000E+000  0.00000000E+000  0.00000000E+000  0.00000000E+000
 3651999   2  0.37204540E-009  0.56575600E-004  0.95701218E-004  0.56531214E-004  0.00000000E+000  0.00000000E+000  0.00000000E+000  0.00000000E+000
 3651999   2  0.38568148E-001  0.63856603E+004  0.10819268E+005  0.63971952E+004  0.00000000E+000  0.00000000E+000  0.00000000E+000  0.00000000E+000
 3651999   2  0.25100000E+006  0.10040000E+007  0.25100000E+007  0.00000000E+000  0.00000000E+000  0.00000000E+000  0.00000000E+000  0.00000000E+000
 3651999   2  0.00000000E+000  0.00000000E+000  0.00000000E+000  0.00000000E+000  0.00000000E+000  0.00000000E+000  0.00000000E+000  0.00000000E+000
 3651999   2  0.00000000E+000  0.00000000E+000  0.00000000E+000  0.00000000E+000  0.00000000E+000  0.00000000E+000  0.00000000E+000  0.00000000E+000
 3651999   2  0.00000000E+000  0.00000000E+000  0.00000000E+000  0.00000000E+000  0.00000000E+000  0.00000000E+000  0.00000000E+000  0.00000000E+000
 3651999   2  0.00000000E+000  0.00000000E+000  0.00000000E+000  0.00000000E+000  0.00000000E+000  0.00000000E+000  0.00000000E+000  0.00000000E+000
 3651999   2  0.12938516E-006  0.22128200E-001  0.15462919E-001  0.00000000E+000  0.00000000E+000  0.00000000E+000  0.00000000E+000  0.00000000E+000
 3651999   2  0.32346289E-008  0.55320501E-003  0.38657297E-003  0.00000000E+000  0.00000000E+000  0.00000000E+000  0.00000000E+000  0.00000000E+000
 3651999   2  0.32346289E-009  0.55320501E-004  0.38657297E-004  0.00000000E+000  0.00000000E+000  0.00000000E+000  0.00000000E+000  0.00000000E+000
 3651999   2  0.33069903E-001  0.62435922E+004  0.43625946E+004  0.00000000E+000  0.00000000E+000  0.00000000E+000  0.00000000E+000  0.00000000E+000
 3651999   2  0.25100000E+006  0.10040000E+007  0.00000000E+000  0.00000000E+000  0.00000000E+000  0.00000000E+000  0.00000000E+000  0.00000000E+000
 3651999   2  0.00000000E+000  0.00000000E+000  0.00000000E+000  0.00000000E+000  0.00000000E+000  0.00000000E+000  0.00000000E+000  0.00000000E+000
 3651999   2  0.00000000E+000  0.00000000E+000  0.00000000E+000  0.00000000E+000  0.00000000E+000  0.00000000E+000  0.00000000E+000  0.00000000E+000
 3651999   2  0.00000000E+000  0.00000000E+000  0.00000000E+000  0.00000000E+000  0.00000000E+000  0.00000000E+000  0.00000000E+000  0.00000000E+000
 3651999   2  0.00000000E+000  0.00000000E+000  0.00000000E+000  0.00000000E+000  0.00000000E+000  0.00000000E+000  0.00000000E+000  0.00000000E+000
 3651999   2  0.12937540E-006  0.39647302E-002  0.00000000E+000  0.00000000E+000  0.00000000E+000  0.00000000E+000  0.00000000E+000  0.00000000E+000
 3651999   2  0.32343849E-008  0.99118256E-004  0.00000000E+000  0.00000000E+000  0.00000000E+000  0.00000000E+000  0.00000000E+000  0.00000000E+000
 3651999   2  0.32343849E-009  0.99118256E-005  0.00000000E+000  0.00000000E+000  0.00000000E+000  0.00000000E+000  0.00000000E+000  0.00000000E+000
 3651999   2  0.33067396E-001  0.11036387E+004  0.00000000E+000  0.00000000E+000  0.00000000E+000  0.00000000E+000  0.00000000E+000  0.00000000E+000
 3651999   2  0.00000000E+000  0.00000000E+000  0.00000000E+000  0.00000000E+000  0.00000000E+000  0.00000000E+000  0.00000000E+000  0.00000000E+000
 3651999   2  0.00000000E+000  0.00000000E+000  0.00000000E+000  0.00000000E+000  0.00000000E+000  0.00000000E+000  0.00000000E+000  0.00000000E+000
 3651999   2  0.00000000E+000  0.00000000E+000  0.00000000E+000  0.00000000E+000  0.00000000E+000  0.00000000E+000  0.00000000E+000  0.00000000E+000
 3651999   2  0.00000000E+000  0.00000000E+000  0.00000000E+000  0.00000000E+000  0.00000000E+000  0.00000000E+000  0.00000000E+000  0.00000000E+000
 3651999   2  0.00000000E+000  0.00000000E+000  0.00000000E+000  0.00000000E+000  0.00000000E+000  0.00000000E+000  0.00000000E+000  0.00000000E+000
 3651999   2  0.00000000E+000  0.00000000E+000  0.00000000E+000  0.00000000E+000  0.00000000E+000  0.00000000E+000  0.00000000E+000  0.00000000E+000
 3652014   2 -0.23709973E+000 -0.20746535E+000 -0.14207133E-001 -0.10000000E-001 -0.10000000E-001 -0.10000000E-001 -0.10000000E-001 -0.10000000E-001
 3652014   2 -0.18017959E+001 -0.17842540E+001 -0.16841703E+001 -0.12600000E+001 -0.12600000E+001 -0.12600000E+001 -0.12600000E+001 -0.12600000E+001
 3652014   2  0.15646962E+001  0.15767887E+001  0.16699631E+001  0.12500000E+001  0.12500000E+001  0.12500000E+001  0.12500000E+001  0.12500000E+001
 3652014   2  0.80000000E+003  0.80000000E+003  0.40000000E+003  0.00000000E+000  0.00000000E+000  0.00000000E+000  0.00000000E+000  0.00000000E+000
 3652014   2  0.50200000E+006  0.20080000E+007  0.25100000E+007  0.00000000E+000  0.00000000E+000  0.00000000E+000  0.00000000E+000  0.00000000E+000
 3652014   2  0.25205083E-001  0.52647933E+000  0.27248952E+000  0.00000000E+000  0.00000000E+000  0.00000000E+000  0.00000000E+000  0.00000000E+000
 3652014   2  0.25205083E+001  0.13161983E+002  0.27248952E+001  0.00000000E+000  0.00000000E+000  0.00000000E+000  0.00000000E+000  0.00000000E+000
 3652014   2  0.49818761E-007  0.95064344E-005  0.11152004E-005  0.00000000E+000  0.00000000E+000  0.00000000E+000  0.00000000E+000  0.00000000E+000
 3652014   2  0.44836885E-006  0.85557910E-004  0.10036804E-004  0.00000000E+000  0.00000000E+000  0.00000000E+000  0.00000000E+000  0.00000000E+000
 3652014   2  0.20000000E-003  0.20000000E-003  0.20000000E-003  0.20000000E-003  0.20000000E-003  0.20000000E-003  0.20000000E-003  0.20000000E-003
 3652014   2  0.10000000E-003  0.10000000E-003  0.10000000E-003  0.10000000E-003  0.10000000E-003  0.10000000E-003  0.10000000E-003  0.10000000E-003
 3652014   2  0.15836354E-004  0.56148326E-003  0.22541897E-003  0.00000000E+000  0.00000000E+000  0.00000000E+000  0.00000000E+000  0.00000000E+000
 3652014   2  0.10000000E-002  0.10000000E-002  0.10000000E-002  0.10000000E-002  0.10000000E-002  0.10000000E-002  0.10000000E-002  0.10000000E-002
 3652014   2  0.48982057E-005  0.92146875E-004  0.58580360E-004  0.00000000E+000  0.00000000E+000  0.00000000E+000  0.00000000E+000  0.00000000E+000
 3652014   2 -0.48773690E-005 -0.91725975E-004 -0.58311837E-004  0.00000000E+000  0.00000000E+000  0.00000000E+000  0.00000000E+000  0.00000000E+000
 3652014   2  0.48773690E-005  0.91725975E-004  0.58311837E-004  0.00000000E+000  0.00000000E+000  0.00000000E+000  0.00000000E+000  0.00000000E+000
 3652014   2  0.29097068E-007  0.13966006E-004  0.13159972E-005  0.00000000E+000  0.00000000E+000  0.00000000E+000  0.00000000E+000  0.00000000E+000
 3652014   2  0.15844797E-004  0.27237266E-002  0.31815316E-003  0.00000000E+000  0.00000000E+000  0.00000000E+000  0.00000000E+000  0.00000000E+000
 3652014   2  0.50945113E-010  0.28784354E-008  0.17055253E-009  0.00000000E+000  0.00000000E+000  0.00000000E+000  0.00000000E+000  0.00000000E+000
 3652014   2  0.21210130E-010  0.37911239E-008  0.43996075E-009  0.00000000E+000  0.00000000E+000  0.00000000E+000  0.00000000E+000  0.00000000E+000
 3652014   2 -0.33530262E-007  0.23322222E-011 -0.29436149E-007  0.00000000E+000  0.00000000E+000  0.00000000E+000  0.00000000E+000  0.00000000E+000
 3652014   2  0.12273126E-005  0.21788062E-003  0.20169077E-004  0.00000000E+000  0.00000000E+000  0.00000000E+000  0.00000000E+000  0.00000000E+000
 3652014   2  0.69033614E-005  0.12036864E-002  0.13955864E-003  0.00000000E+000  0.00000000E+000  0.00000000E+000  0.00000000E+000  0.00000000E+000
 3652014   2  0.26163109E-010  0.14210258E-008  0.74252292E-010  0.00000000E+000  0.00000000E+000  0.00000000E+000  0.00000000E+000  0.00000000E+000
 3652014   2  0.29380705E-009  0.44117147E-007  0.50617074E-008  0.00000000E+000  0.00000000E+000  0.00000000E+000  0.00000000E+000  0.00000000E+000
 3652014   2  0.15520671E-009  0.90027925E-008  0.13270010E-008  0.00000000E+000  0.00000000E+000  0.00000000E+000  0.00000000E+000  0.00000000E+000
 3652014   2  0.14327665E-001  0.27148559E+000  0.27050477E+000  0.00000000E+000  0.00000000E+000  0.00000000E+000  0.00000000E+000  0.00000000E+000
 3652014   2  0.78736484E-001  0.10816296E+001  0.94201190E+000  0.00000000E+000  0.00000000E+000  0.00000000E+000  0.00000000E+000  0.00000000E+000
 3652014   2  0.89547908E-003  0.16967849E-001  0.12681835E-001  0.00000000E+000  0.00000000E+000  0.00000000E+000  0.00000000E+000  0.00000000E+000
 3652014   2  0.14367101E-004  0.24879797E-003  0.15656752E-003  0.00000000E+000  0.00000000E+000  0.00000000E+000  0.00000000E+000  0.00000000E+000
 3652014   2  0.78994831E-007  0.10778283E-005  0.35043751E-006  0.00000000E+000  0.00000000E+000  0.00000000E+000  0.00000000E+000  0.00000000E+000
 3652014   2  0.38921749E-006  0.13122024E-004  0.42254806E-005  0.00000000E+000  0.00000000E+000  0.00000000E+000  0.00000000E+000  0.00000000E+000
 3652014   2  0.12166856E-006  0.46471538E-005  0.14872780E-005  0.00000000E+000  0.00000000E+000  0.00000000E+000  0.00000000E+000  0.00000000E+000
 3652014   2  0.11798501E-007  0.44656014E-006  0.12435927E-006  0.00000000E+000  0.00000000E+000  0.00000000E+000  0.00000000E+000  0.00000000E+000
 3652014   2  0.50741145E-007  0.97227863E-006  0.30566307E-006  0.00000000E+000  0.00000000E+000  0.00000000E+000  0.00000000E+000  0.00000000E+000
 3652014   2  0.30277680E-006  0.13454958E-004  0.49948978E-005  0.00000000E+000  0.00000000E+000  0.00000000E+000  0.00000000E+000  0.00000000E+000
 3652014   2  0.00000000E+000  0.00000000E+000  0.00000000E+000  0.00000000E+000  0.00000000E+000  0.00000000E+000  0.00000000E+000  0.00000000E+000
 3652014   2  0.00000000E+000  0.00000000E+000  0.00000000E+000  0.00000000E+000  0.00000000E+000  0.00000000E+000  0.00000000E+000  0.00000000E+000
 3652014   2  0.99572560E+000  0.99541671E+000  0.99542149E+000  0.10000000E+001  0.10000000E+001  0.10000000E+001  0.10000000E+001  0.10000000E+001
 3652014   2  0.64408819E-001  0.74254857E+000  0.73910254E+000  0.00000000E+000  0.00000000E+000  0.00000000E+000  0.00000000E+000  0.00000000E+000
 3652014   2  0.50479457E-002  0.58548780E-001  0.58435059E-001  0.00000000E+000  0.00000000E+000  0.00000000E+000  0.00000000E+000  0.00000000E+000
 3652014   2  0.60515871E-003  0.70610506E-002  0.70250058E-002  0.00000000E+000  0.00000000E+000  0.00000000E+000  0.00000000E+000  0.00000000E+000
 3652014   2  0.93023104E-001  0.30275293E-001
 3652014   2  0.16519579E+000  0.23245178E-001
 3652014   2  0.41298947E-002  0.58112944E-003
 3652014   2  0.41298947E-003  0.58112944E-004
 3652014   2  0.25100000E+006  0.10040000E+007  0.25100000E+007  0.00000000E+000  0.00000000E+000  0.00000000E+000  0.00000000E+000  0.00000000E+000
 3652014   2  0.00000000E+000  0.29879857E-001  0.43143247E-001  0.00000000E+000  0.00000000E+000  0.00000000E+000  0.00000000E+000  0.00000000E+000
 3652014   2  0.00000000E+000  0.67595409E-001  0.97600379E-001  0.00000000E+000  0.00000000E+000  0.00000000E+000  0.00000000E+000  0.00000000E+000
 3652014   2  0.00000000E+000  0.16898852E-002  0.24400095E-002  0.00000000E+000  0.00000000E+000  0.00000000E+000  0.00000000E+000  0.00000000E+000
 3652014   2  0.00000000E+000  0.16898852E-003  0.24400095E-003  0.00000000E+000  0.00000000E+000  0.00000000E+000  0.00000000E+000  0.00000000E+000
 3652014   2  0.11434689E-001  0.22588283E+000  0.10530898E+000  0.00000000E+000  0.00000000E+000  0.00000000E+000  0.00000000E+000  0.00000000E+000
 3652014   2  0.28586723E-003  0.56470707E-002  0.26327246E-002  0.00000000E+000  0.00000000E+000  0.00000000E+000  0.00000000E+000  0.00000000E+000
 3652014   2  0.28586723E-004  0.56470707E-003  0.26327246E-003  0.00000000E+000  0.00000000E+000  0.00000000E+000  0.00000000E+000  0.00000000E+000
 3652014   2  0.80412888E+001  0.15958489E+003  0.74481211E+002  0.00000000E+000  0.00000000E+000  0.00000000E+000  0.00000000E+000  0.00000000E+000
 3652014   2  0.25100000E+006  0.10040000E+007  0.00000000E+000  0.00000000E+000  0.00000000E+000  0.00000000E+000  0.00000000E+000  0.00000000E+000
 3652014   2  0.00000000E+000  0.10275293E-001  0.00000000E+000  0.00000000E+000  0.00000000E+000  0.00000000E+000  0.00000000E+000  0.00000000E+000
 3652014   2  0.00000000E+000  0.23245178E-001  0.00000000E+000  0.00000000E+000  0.00000000E+000  0.00000000E+000  0.00000000E+000  0.00000000E+000
 3652014   2  0.00000000E+000  0.58112944E-003  0.00000000E+000  0.00000000E+000  0.00000000E+000  0.00000000E+000  0.00000000E+000  0.00000000E+000
 3652014   2  0.00000000E+000  0.58112944E-004  0.00000000E+000  0.00000000E+000  0.00000000E+000  0.00000000E+000  0.00000000E+000  0.00000000E+000
 3652014   2  0.28929761E-002  0.22357585E-001  0.00000000E+000  0.00000000E+000  0.00000000E+000  0.00000000E+000  0.00000000E+000  0.00000000E+000
 3652014   2  0.72324402E-004  0.55893963E-003  0.00000000E+000  0.00000000E+000  0.00000000E+000  0.00000000E+000  0.00000000E+000  0.00000000E+000
 3652014   2  0.72324402E-005  0.55893963E-004  0.00000000E+000  0.00000000E+000  0.00000000E+000  0.00000000E+000  0.00000000E+000  0.00000000E+000
 3652014   2  0.20407444E+001  0.15812706E+002  0.00000000E+000  0.00000000E+000  0.00000000E+000  0.00000000E+000  0.00000000E+000  0.00000000E+000
 3652014   2 -0.23834971E+000 -0.20819363E+000 -0.14206273E-001 -0.10000000E-001 -0.10000000E-001 -0.10000000E-001 -0.10000000E-001 -0.10000000E-001
 3652014   2 -0.18064660E+001 -0.17910012E+001 -0.16857709E+001 -0.12600000E+001 -0.12600000E+001 -0.12600000E+001 -0.12600000E+001 -0.12600000E+001
 3652014   2  0.15681163E+001  0.15828076E+001  0.16715646E+001  0.12500000E+001  0.12500000E+001  0.12500000E+001  0.12500000E+001  0.12500000E+001
 3652014   2  0.00000000E+000  0.00000000E+000  0.00000000E+000  0.00000000E+000  0.00000000E+000  0.00000000E+000  0.00000000E+000  0.00000000E+000
 3652014   2  0.50200000E+006  0.20080000E+007  0.25100000E+007  0.00000000E+000  0.00000000E+000  0.00000000E+000  0.00000000E+000  0.00000000E+000
 3652014   2  0.70607162E-003  0.23350217E+000  0.70386982E+001  0.00000000E+000  0.00000000E+000  0.00000000E+000  0.00000000E+000  0.00000000E+000
 3652014   2  0.70607162E-001  0.58375542E+001  0.70386982E+002  0.00000000E+000  0.00000000E+000  0.00000000E+000  0.00000000E+000  0.00000000E+000
 3652014   2  0.35076286E-011  0.11634712E-008  0.36967638E-007  0.00000000E+000  0.00000000E+000  0.00000000E+000  0.00000000E+000  0.00000000E+000
 3652014   2  0.31568657E-010  0.10471241E-007  0.33270874E-006  0.00000000E+000  0.00000000E+000  0.00000000E+000  0.00000000E+000  0.00000000E+000
 3652014   2  0.50000000E-005  0.50000000E-005  0.50000000E-005  0.50000000E-005  0.50000000E-005  0.50000000E-005  0.50000000E-005  0.50000000E-005
 3652014   2  0.50000000E-005  0.50000000E-005  0.50000000E-005  0.50000000E-005  0.50000000E-005  0.50000000E-005  0.50000000E-005  0.50000000E-005
 3652014   2  0.22181240E-007  0.73354706E-005  0.22112070E-003  0.00000000E+000  0.00000000E+000  0.00000000E+000  0.00000000E+000  0.00000000E+000
 3652014   2  0.10000000E-002  0.10000000E-002  0.11217049E-002  0.10000000E-002  0.10000000E-002  0.10000000E-002  0.10000000E-002  0.10000000E-002
 3652014   2  0.20667783E-006  0.29601277E-005  0.15711398E-004  0.00000000E+000  0.00000000E+000  0.00000000E+000  0.00000000E+000  0.00000000E+000
 3652014   2 -0.35827848E-009 -0.11949669E-005 -0.15640695E-004  0.00000000E+000  0.00000000E+000  0.00000000E+000  0.00000000E+000  0.00000000E+000
 3652014   2  0.35827848E-009  0.11949669E-005  0.15640695E-004  0.00000000E+000  0.00000000E+000  0.00000000E+000  0.00000000E+000  0.00000000E+000
 3652014   2  0.00000000E+000  0.00000000E+000  0.00000000E+000  0.00000000E+000  0.00000000E+000  0.00000000E+000  0.00000000E+000  0.00000000E+000
 3652014   2  0.00000000E+000  0.00000000E+000  0.00000000E+000  0.00000000E+000  0.00000000E+000  0.00000000E+000  0.00000000E+000  0.00000000E+000
 3652014   2  0.00000000E+000  0.00000000E+000  0.00000000E+000  0.00000000E+000  0.00000000E+000  0.00000000E+000  0.00000000E+000  0.00000000E+000
 3652014   2  0.00000000E+000  0.00000000E+000  0.00000000E+000  0.00000000E+000  0.00000000E+000  0.00000000E+000  0.00000000E+000  0.00000000E+000
 3652014   2  0.00000000E+000  0.00000000E+000  0.00000000E+000  0.00000000E+000  0.00000000E+000  0.00000000E+000  0.00000000E+000  0.00000000E+000
 3652014   2  0.25222929E-009  0.87069231E-007  0.62908529E-006  0.00000000E+000  0.00000000E+000  0.00000000E+000  0.00000000E+000  0.00000000E+000
 3652014   2  0.00000000E+000  0.00000000E+000  0.00000000E+000  0.00000000E+000  0.00000000E+000  0.00000000E+000  0.00000000E+000  0.00000000E+000
 3652014   2  0.00000000E+000  0.00000000E+000  0.00000000E+000  0.00000000E+000  0.00000000E+000  0.00000000E+000  0.00000000E+000  0.00000000E+000
 3652014   2  0.00000000E+000  0.00000000E+000  0.00000000E+000  0.00000000E+000  0.00000000E+000  0.00000000E+000  0.00000000E+000  0.00000000E+000
 3652014   2  0.00000000E+000  0.00000000E+000  0.00000000E+000  0.00000000E+000  0.00000000E+000  0.00000000E+000  0.00000000E+000  0.00000000E+000
 3652014   2  0.10065789E-005  0.33078059E-003  0.99520154E-002  0.00000000E+000  0.00000000E+000  0.00000000E+000  0.00000000E+000  0.00000000E+000
 3652014   2  0.32231428E-002  0.37387857E-001  0.46641612E-001  0.00000000E+000  0.00000000E+000  0.00000000E+000  0.00000000E+000  0.00000000E+000
 3652014   2  0.62911184E-007  0.20673787E-004  0.62200096E-003  0.00000000E+000  0.00000000E+000  0.00000000E+000  0.00000000E+000  0.00000000E+000
 3652014   2  0.60913488E-006  0.79988508E-005  0.41981176E-004  0.00000000E+000  0.00000000E+000  0.00000000E+000  0.00000000E+000  0.00000000E+000
 3652014   2  0.25720946E-012  0.75860843E-008  0.48266682E-006  0.00000000E+000  0.00000000E+000  0.00000000E+000  0.00000000E+000  0.00000000E+000
 3652014   2  0.94145071E-012  0.68895058E-007  0.53585867E-005  0.00000000E+000  0.00000000E+000  0.00000000E+000  0.00000000E+000  0.00000000E+000
 3652014   2  0.29443598E-012  0.24398491E-007  0.18695622E-005  0.00000000E+000  0.00000000E+000  0.00000000E+000  0.00000000E+000  0.00000000E+000
 3652014   2  0.28551554E-013  0.23445463E-008  0.15626785E-006  0.00000000E+000  0.00000000E+000  0.00000000E+000  0.00000000E+000  0.00000000E+000
 3652014   2  0.16512005E-012  0.67923323E-008  0.42096662E-006  0.00000000E+000  0.00000000E+000  0.00000000E+000  0.00000000E+000  0.00000000E+000
 3652014   2  0.73236521E-012  0.70643041E-007  0.63343818E-005  0.00000000E+000  0.00000000E+000  0.00000000E+000  0.00000000E+000  0.00000000E+000
 3652014   2  0.00000000E+000  0.00000000E+000  0.00000000E+000  0.00000000E+000  0.00000000E+000  0.00000000E+000  0.00000000E+000  0.00000000E+000
 3652014   2  0.00000000E+000  0.00000000E+000  0.00000000E+000  0.00000000E+000  0.00000000E+000  0.00000000E+000  0.00000000E+000  0.00000000E+000
 3652014   2  0.17342684E-002  0.40357929E+000  0.99549807E+000  0.10000000E+001  0.10000000E+001  0.10000000E+001  0.10000000E+001  0.10000000E+001
 3652014   2  0.32221363E-002  0.37057076E-001  0.36689596E-001  0.00000000E+000  0.00000000E+000  0.00000000E+000  0.00000000E+000  0.00000000E+000
 3652014   2  0.25603218E-003  0.29352891E-002  0.30472575E-002  0.00000000E+000  0.00000000E+000  0.00000000E+000  0.00000000E+000  0.00000000E+000
 3652014   2  0.30651808E-004  0.35397531E-003  0.37076405E-003  0.00000000E+000  0.00000000E+000  0.00000000E+000  0.00000000E+000  0.00000000E+000
 3652014   2  0.20000000E-001  0.20000000E-001
 3652014   2  0.00000000E+000  0.00000000E+000
 3652014   2  0.00000000E+000  0.00000000E+000
 3652014   2  0.00000000E+000  0.00000000E+000
 3652014   2  0.25100000E+006  0.10040000E+007  0.25100000E+007  0.00000000E+000  0.00000000E+000  0.00000000E+000  0.00000000E+000  0.00000000E+000
 3652014   2  0.00000000E+000  0.00000000E+000  0.00000000E+000  0.00000000E+000  0.00000000E+000  0.00000000E+000  0.00000000E+000  0.00000000E+000
 3652014   2  0.00000000E+000  0.00000000E+000  0.00000000E+000  0.00000000E+000  0.00000000E+000  0.00000000E+000  0.00000000E+000  0.00000000E+000
 3652014   2  0.00000000E+000  0.00000000E+000  0.00000000E+000  0.00000000E+000  0.00000000E+000  0.00000000E+000  0.00000000E+000  0.00000000E+000
 3652014   2  0.00000000E+000  0.00000000E+000  0.00000000E+000  0.00000000E+000  0.00000000E+000  0.00000000E+000  0.00000000E+000  0.00000000E+000
 3652014   2  0.90717153E-006  0.20005792E-003  0.99520154E-002  0.00000000E+000  0.00000000E+000  0.00000000E+000  0.00000000E+000  0.00000000E+000
 3652014   2  0.22679288E-007  0.50014480E-005  0.24880039E-003  0.00000000E+000  0.00000000E+000  0.00000000E+000  0.00000000E+000  0.00000000E+000
 3652014   2  0.22679288E-008  0.50014480E-006  0.24880039E-004  0.00000000E+000  0.00000000E+000  0.00000000E+000  0.00000000E+000  0.00000000E+000
 3652014   2  0.25469596E+000  0.56418712E+002  0.28154793E+004  0.00000000E+000  0.00000000E+000  0.00000000E+000  0.00000000E+000  0.00000000E+000
 3652014   2  0.25100000E+006  0.10040000E+007  0.00000000E+000  0.00000000E+000  0.00000000E+000  0.00000000E+000  0.00000000E+000  0.00000000E+000
 3652014   2  0.00000000E+000  0.00000000E+000  0.00000000E+000  0.00000000E+000  0.00000000E+000  0.00000000E+000  0.00000000E+000  0.00000000E+000
 3652014   2  0.00000000E+000  0.00000000E+000  0.00000000E+000  0.00000000E+000  0.00000000E+000  0.00000000E+000  0.00000000E+000  0.00000000E+000
 3652014   2  0.00000000E+000  0.00000000E+000  0.00000000E+000  0.00000000E+000  0.00000000E+000  0.00000000E+000  0.00000000E+000  0.00000000E+000
 3652014   2  0.00000000E+000  0.00000000E+000  0.00000000E+000  0.00000000E+000  0.00000000E+000  0.00000000E+000  0.00000000E+000  0.00000000E+000
 3652014   2  0.99407422E-007  0.13072267E-003  0.00000000E+000  0.00000000E+000  0.00000000E+000  0.00000000E+000  0.00000000E+000  0.00000000E+000
 3652014   2  0.24851855E-008  0.32680669E-005  0.00000000E+000  0.00000000E+000  0.00000000E+000  0.00000000E+000  0.00000000E+000  0.00000000E+000
 3652014   2  0.24851855E-009  0.32680669E-006  0.00000000E+000  0.00000000E+000  0.00000000E+000  0.00000000E+000  0.00000000E+000  0.00000000E+000
 3652014   2  0.27732683E-001  0.36982156E+002  0.00000000E+000  0.00000000E+000  0.00000000E+000  0.00000000E+000  0.00000000E+000  0.00000000E+000
 3652014   2  0.00000000E+000  0.00000000E+000  0.00000000E+000  0.00000000E+000  0.00000000E+000  0.00000000E+000  0.00000000E+000  0.00000000E+000
 3652014   2  0.00000000E+000  0.00000000E+000  0.00000000E+000  0.00000000E+000  0.00000000E+000  0.00000000E+000  0.00000000E+000  0.00000000E+000
 3652014   2  0.00000000E+000  0.00000000E+000  0.00000000E+000  0.00000000E+000  0.00000000E+000  0.00000000E+000  0.00000000E+000  0.00000000E+000
 3652014   2  0.00000000E+000  0.00000000E+000  0.00000000E+000  0.00000000E+000  0.00000000E+000  0.00000000E+000  0.00000000E+000  0.00000000E+000
 3652014   2  0.00000000E+000  0.00000000E+000  0.00000000E+000  0.00000000E+000  0.00000000E+000  0.00000000E+000  0.00000000E+000  0.00000000E+000
 3652014   2  0.00000000E+000  0.00000000E+000  0.00000000E+000  0.00000000E+000  0.00000000E+000  0.00000000E+000  0.00000000E+000  0.00000000E+000
