    ORGC   365    24  1995     1     1  0.226287E+03  0.408184E+03  0.112306E+04  0.270920E+04  0.273232E+04  0.565027E+04  0.153839E+04  0.288304E+04  0.159798E+04  0.390126E+03  0.976849E+02
    ORGC   365    24  1996     1     1  0.104164E+04  0.507860E+03  0.115589E+04  0.270206E+04  0.272314E+04  0.562002E+04  0.153113E+04  0.287936E+04  0.160334E+04  0.390105E+03  0.976554E+02
    ORGC   365    24  1997     1     1  0.355473E+03  0.635229E+03  0.119003E+04  0.266644E+04  0.268731E+04  0.558265E+04  0.152138E+04  0.286758E+04  0.159871E+04  0.390140E+03  0.976453E+02
    ORGC   365    24  1998     1     1  0.786551E+03  0.738052E+03  0.119004E+04  0.264188E+04  0.266614E+04  0.554786E+04  0.151424E+04  0.286137E+04  0.160084E+04  0.390147E+03  0.976412E+02
    ORGC   365    24  1999     1     1  0.415323E+03  0.776250E+03  0.122279E+04  0.262133E+04  0.264086E+04  0.551673E+04  0.150907E+04  0.285283E+04  0.159724E+04  0.390156E+03  0.976400E+02
    ORGC   365    24  2000     1     1  0.866644E+03  0.903251E+03  0.123741E+04  0.261643E+04  0.264063E+04  0.550486E+04  0.151240E+04  0.285769E+04  0.161008E+04  0.390117E+03  0.976373E+02
    ORGC   365    24  2001     1     1  0.306109E+03  0.100554E+04  0.129070E+04  0.260636E+04  0.261742E+04  0.547173E+04  0.149695E+04  0.284608E+04  0.159980E+04  0.390081E+03  0.976344E+02
    ORGC   365    24  2002     1     1  0.112549E+04  0.100641E+04  0.128898E+04  0.260357E+04  0.261524E+04  0.545745E+04  0.149789E+04  0.284366E+04  0.160799E+04  0.390060E+03  0.976318E+02
    ORGC   365    24  2003     1     1  0.388864E+03  0.115466E+04  0.132618E+04  0.258483E+04  0.259269E+04  0.543137E+04  0.148859E+04  0.283535E+04  0.160408E+04  0.390074E+03  0.976297E+02
    ORGC   365    24  2004     1     1  0.107075E+04  0.119088E+04  0.132998E+04  0.258158E+04  0.258901E+04  0.541371E+04  0.148974E+04  0.283467E+04  0.161406E+04  0.390064E+03  0.976276E+02
    ORGC   365    24  2005     1     1  0.405186E+03  0.125119E+04  0.133438E+04  0.254878E+04  0.255665E+04  0.537360E+04  0.147343E+04  0.281898E+04  0.159657E+04  0.390058E+03  0.976254E+02
    ORGC   365    24  2006     1     1  0.111632E+04  0.132508E+04  0.135567E+04  0.255206E+04  0.256014E+04  0.536697E+04  0.147768E+04  0.282140E+04  0.160560E+04  0.390014E+03  0.976237E+02
    ORGC   365    24  2007     1     1  0.315224E+03  0.145323E+04  0.138620E+04  0.252340E+04  0.253120E+04  0.533040E+04  0.146365E+04  0.280945E+04  0.159359E+04  0.389984E+03  0.976224E+02
    ORGC   365    24  2008     1     1  0.268554E+03  0.146569E+04  0.139151E+04  0.251515E+04  0.251739E+04  0.530956E+04  0.146044E+04  0.280359E+04  0.159198E+04  0.389938E+03  0.976277E+02
    ORGC   365    24  2009     1     1  0.722374E+03  0.131096E+04  0.192933E+04  0.253745E+04  0.252011E+04  0.529930E+04  0.146135E+04  0.280647E+04  0.160345E+04  0.389903E+03  0.976320E+02
    ORGC   365    24  2010     1     1  0.356388E+03  0.129157E+04  0.168188E+04  0.251438E+04  0.249178E+04  0.526533E+04  0.144869E+04  0.279709E+04  0.158988E+04  0.389868E+03  0.976339E+02
    ORGC   365    24  2011     1     1  0.750768E+03  0.115644E+04  0.210458E+04  0.253457E+04  0.249644E+04  0.525995E+04  0.145364E+04  0.280079E+04  0.160261E+04  0.389789E+03  0.976357E+02
    ORGC   365    24  2012     1     1  0.326898E+03  0.116236E+04  0.187070E+04  0.248545E+04  0.246001E+04  0.521874E+04  0.144196E+04  0.279193E+04  0.160204E+04  0.389675E+03  0.976346E+02
    ORGC   365    24  2013     1     1  0.570280E+03  0.110487E+04  0.224145E+04  0.251179E+04  0.247150E+04  0.521772E+04  0.144636E+04  0.279533E+04  0.161394E+04  0.389615E+03  0.976327E+02
    ORGC   365    24  2014     1     1  0.278972E+03  0.113953E+04  0.205965E+04  0.248065E+04  0.244445E+04  0.519181E+04  0.143772E+04  0.278767E+04  0.160678E+04  0.389626E+03  0.976316E+02
    ORGC   365    24  2015     1     1  0.765707E+03  0.125809E+04  0.205508E+04  0.247821E+04  0.244503E+04  0.518045E+04  0.143969E+04  0.279016E+04  0.161279E+04  0.389690E+03  0.976342E+02
    ORGC   365    24  2016     1     1  0.336757E+03  0.126144E+04  0.203657E+04  0.245746E+04  0.241770E+04  0.514717E+04  0.142991E+04  0.277699E+04  0.160420E+04  0.389697E+03  0.976390E+02
    ORGC   365    24  2017     1     1  0.100140E+04  0.132590E+04  0.201077E+04  0.245269E+04  0.241882E+04  0.513639E+04  0.143327E+04  0.278237E+04  0.161449E+04  0.389677E+03  0.976413E+02
    ORGC   365    24  2018     1     1  0.348378E+03  0.142267E+04  0.202361E+04  0.242833E+04  0.238679E+04  0.509873E+04  0.141700E+04  0.277215E+04  0.159895E+04  0.389676E+03  0.976432E+02
    ORGC   365    24  2019     1     1  0.759947E+03  0.126434E+04  0.245234E+04  0.244630E+04  0.238893E+04  0.509018E+04  0.142050E+04  0.277383E+04  0.160935E+04  0.389638E+03  0.976454E+02
    ORGC   365    24  2020     1     1  0.307716E+03  0.131445E+04  0.222572E+04  0.242768E+04  0.236132E+04  0.505479E+04  0.140931E+04  0.276106E+04  0.159979E+04  0.389610E+03  0.976461E+02
    ORGC   365    24  2021     1     1  0.102675E+04  0.134456E+04  0.219378E+04  0.242628E+04  0.236704E+04  0.504770E+04  0.141096E+04  0.276364E+04  0.161101E+04  0.389539E+03  0.976446E+02
    ORGC   365    24  2022     1     1  0.428730E+03  0.139563E+04  0.216956E+04  0.239128E+04  0.233584E+04  0.501612E+04  0.140375E+04  0.275614E+04  0.160717E+04  0.389472E+03  0.976430E+02
