    ORGN   365    24  1995     1     1  0.350622E+02  0.328062E+02  0.827866E+02  0.202249E+03  0.205236E+03  0.460192E+03  0.131317E+03  0.325137E+03  0.195968E+03  0.487125E+02  0.122010E+02
    ORGN   365    24  1996     1     1  0.413276E+02  0.348608E+02  0.841140E+02  0.200017E+03  0.203342E+03  0.456786E+03  0.130573E+03  0.324183E+03  0.195916E+03  0.486877E+02  0.121942E+02
    ORGN   365    24  1997     1     1  0.473882E+02  0.482472E+02  0.873696E+02  0.198088E+03  0.201175E+03  0.453722E+03  0.129870E+03  0.323042E+03  0.195534E+03  0.486744E+02  0.121918E+02
    ORGN   365    24  1998     1     1  0.366910E+02  0.515670E+02  0.871997E+02  0.196010E+03  0.199402E+03  0.450774E+03  0.129220E+03  0.322119E+03  0.195297E+03  0.486612E+02  0.121908E+02
    ORGN   365    24  1999     1     1  0.498036E+02  0.570364E+02  0.894598E+02  0.194699E+03  0.197741E+03  0.448297E+03  0.128843E+03  0.321231E+03  0.195074E+03  0.486490E+02  0.121905E+02
    ORGN   365    24  2000     1     1  0.497044E+02  0.637713E+02  0.892367E+02  0.193018E+03  0.196646E+03  0.446077E+03  0.128423E+03  0.320652E+03  0.195058E+03  0.486344E+02  0.121900E+02
    ORGN   365    24  2001     1     1  0.433845E+02  0.764012E+02  0.939395E+02  0.192777E+03  0.195558E+03  0.444125E+03  0.127757E+03  0.320167E+03  0.194595E+03  0.486206E+02  0.121895E+02
    ORGN   365    24  2002     1     1  0.585702E+02  0.729247E+02  0.931932E+02  0.191896E+03  0.194726E+03  0.442276E+03  0.127375E+03  0.319428E+03  0.194748E+03  0.486076E+02  0.121891E+02
    ORGN   365    24  2003     1     1  0.560333E+02  0.875297E+02  0.962372E+02  0.190886E+03  0.193498E+03  0.440410E+03  0.126822E+03  0.318611E+03  0.194607E+03  0.485970E+02  0.121888E+02
    ORGN   365    24  2004     1     1  0.577834E+02  0.860471E+02  0.957603E+02  0.189869E+03  0.192554E+03  0.438501E+03  0.126496E+03  0.318074E+03  0.194769E+03  0.485845E+02  0.121885E+02
    ORGN   365    24  2005     1     1  0.491447E+02  0.925166E+02  0.963013E+02  0.188018E+03  0.190725E+03  0.435715E+03  0.125646E+03  0.316942E+03  0.193912E+03  0.485712E+02  0.121882E+02
    ORGN   365    24  2006     1     1  0.571373E+02  0.959112E+02  0.970966E+02  0.187345E+03  0.190243E+03  0.434330E+03  0.125388E+03  0.316418E+03  0.194058E+03  0.485573E+02  0.121880E+02
    ORGN   365    24  2007     1     1  0.421070E+02  0.109902E+03  0.100205E+03  0.185988E+03  0.188797E+03  0.432064E+03  0.124672E+03  0.315468E+03  0.193953E+03  0.485449E+02  0.121878E+02
    ORGN   365    24  2008     1     1  0.462456E+02  0.113275E+03  0.101314E+03  0.185348E+03  0.187708E+03  0.430165E+03  0.124268E+03  0.314746E+03  0.193406E+03  0.485340E+02  0.121884E+02
    ORGN   365    24  2009     1     1  0.391950E+02  0.942357E+02  0.134439E+03  0.185801E+03  0.187090E+03  0.428620E+03  0.123942E+03  0.314426E+03  0.193534E+03  0.485230E+02  0.121889E+02
    ORGN   365    24  2010     1     1  0.444093E+02  0.963108E+02  0.122508E+03  0.185683E+03  0.185780E+03  0.426406E+03  0.123256E+03  0.313682E+03  0.192802E+03  0.485109E+02  0.121892E+02
    ORGN   365    24  2011     1     1  0.370643E+02  0.829792E+02  0.146720E+03  0.184968E+03  0.184955E+03  0.424771E+03  0.122980E+03  0.313121E+03  0.192812E+03  0.484966E+02  0.121894E+02
    ORGN   365    24  2012     1     1  0.468925E+02  0.872711E+02  0.135157E+03  0.182596E+03  0.183249E+03  0.422335E+03  0.122456E+03  0.312484E+03  0.192996E+03  0.484790E+02  0.121892E+02
    ORGN   365    24  2013     1     1  0.376386E+02  0.802093E+02  0.159884E+03  0.182807E+03  0.182919E+03  0.421111E+03  0.122259E+03  0.312153E+03  0.193063E+03  0.484653E+02  0.121890E+02
    ORGN   365    24  2014     1     1  0.336697E+02  0.865810E+02  0.150455E+03  0.182346E+03  0.182043E+03  0.419919E+03  0.121985E+03  0.311765E+03  0.192986E+03  0.484561E+02  0.121888E+02
    ORGN   365    24  2015     1     1  0.305975E+02  0.882513E+02  0.148207E+03  0.181156E+03  0.181447E+03  0.418449E+03  0.121802E+03  0.311390E+03  0.193042E+03  0.484507E+02  0.121891E+02
    ORGN   365    24  2016     1     1  0.434554E+02  0.920256E+02  0.146544E+03  0.179555E+03  0.179734E+03  0.415938E+03  0.121116E+03  0.310381E+03  0.192534E+03  0.484399E+02  0.121896E+02
    ORGN   365    24  2017     1     1  0.415684E+02  0.944047E+02  0.144193E+03  0.178311E+03  0.179142E+03  0.414350E+03  0.120945E+03  0.309943E+03  0.192540E+03  0.484281E+02  0.121899E+02
    ORGN   365    24  2018     1     1  0.387054E+02  0.104110E+03  0.145747E+03  0.177121E+03  0.177452E+03  0.411959E+03  0.120090E+03  0.309353E+03  0.191786E+03  0.484176E+02  0.121900E+02
    ORGN   365    24  2019     1     1  0.271843E+02  0.889947E+02  0.167844E+03  0.177171E+03  0.176914E+03  0.410455E+03  0.119868E+03  0.308767E+03  0.191846E+03  0.484058E+02  0.121903E+02
    ORGN   365    24  2020     1     1  0.295111E+02  0.961878E+02  0.160121E+03  0.176838E+03  0.175413E+03  0.408048E+03  0.119202E+03  0.307847E+03  0.191436E+03  0.483940E+02  0.121903E+02
    ORGN   365    24  2021     1     1  0.367584E+02  0.947448E+02  0.156983E+03  0.175522E+03  0.174909E+03  0.406533E+03  0.118881E+03  0.307242E+03  0.191398E+03  0.483798E+02  0.121901E+02
    ORGN   365    24  2022     1     1  0.416582E+02  0.100016E+03  0.155145E+03  0.173492E+03  0.173284E+03  0.404450E+03  0.118437E+03  0.306647E+03  0.191220E+03  0.483657E+02  0.121898E+02
