-0.033,-1.5,0.2,5.33,400,10,1,0,0,0,0,0,0,1,1,1,8,0,2,0
0.01,0.05,0.15,0.25,0.55,0.65,1.35,2.0
1.269999980926513,1.269999980926513,1.269999980926513,1.269999980926513,1.259999990463256,1.309999942779541,1.409999966621399,1.379999995231628
0.32299999237060545,0.32299999237060545,0.32299999237060545,0.32299999237060545,0.3170000076293945,0.3170000076293945,0.3139999961853027,0.31
0.19,0.19,0.19,0.19,0.18,0.18,0.175,0.16899999618530273
10.799999999999999,10.799999999999999,10.799999999999999,10.799999999999999,10.799999999999999,10.799999999999999,10.799999999999999,10.799999999999999
10.799999999999999,10.799999999999999,10.799999999999999,10.799999999999999,10.799999999999999,10.799999999999999,10.799999999999999,10.799999999999999
40.0,40.0,40.0,40.0,40.0,40.0,40.0,40.0
670.0,670.0,670.0,670.0,660.0,660.0,660.0,660.0
0.01,0.01,0.01,0.01,0.0,0.0,0.0,0.0
0,0,0,0,0,0,0,0
5.800000190734863,5.800000190734863,5.800000190734863,5.800000190734863,6.099999904632568,6.300000190734863,6.699999809265137,6.800000190734863
24.399999618530273,24.399999618530273,24.399999618530273,24.399999618530273,24.799999237060547,24.600000381469727,23.299999237060547,22.799999237060547
2.5,2.5,2.5,2.5,2.5,2.5,2.5,2.5
22.03999972343445,22.03999972343445,22.03999972343445,22.03999972343445,15.079999446868893,11.6,2.9,1.7400000691413824
0,0,0,0,0,0,0,0
-1,-1,-1,-1,-1,-1,-1,-1
-1,-1,-1,-1,-1,-1,-1,-1
3,3,3,3,3,3,3,3
12,12,12,12,12,12,12,12
10,10,10,10,10,10,10,10
-1,-1,-1,-1,-1,-1,-1,-1
-1,-1,-1,-1,-1,-1,-1,-1
40,40,40,40,40,40,40,40
120,120,120,120,120,120,120,120
23,23,23,23,23,23,23,23
39,39,39,39,39,39,39,39
48,48,48,48,48,48,48,48
35,35,35,35,35,35,35,35
50,50,50,50,50,50,50,50
50,50,50,50,50,50,50,50
50,50,50,50,50,50,50,50
50,50,50,50,50,50,50,50
1000,1000,1000,1000,1000,1000,1000,1000
2000,2000,2000,2000,2000,2000,2000,2000
0,0,0,0,0,0,0,0
0,0,0,0,0,0,0,0
0.025,0.025,0.025,0.025,0.025,0.025,0.025,0.025
0.25,0.25,0.25,0.25,0.25,0.25,0.25,0.25
0.25,0.25,0.25,0.25,0.25,0.25,0.25,0.25
0.6,0.6,0.6,0.6,0.6,0.6,0.6,0.6
0.16,0.16,0.16,0.16,0.16,0.16,0.16,0.16
3,3,3,3,3,3,3,3
1,1,1,1,1,1,1,1
0,0,0,0,0,0,0,0
45,45,45,45,45,45,45,45
1.5,1.5,1.5,1.5,1.5,1.5,1.5,1.5
0.15,0.15,0.15,0.15,0.15,0.15,0.15,0.15
0,0,0,0,0,0,0,0
0,0,0,0,0,0,0,0
0,0,0,0,0,0,0,0
0,0,0,0,0,0,0,0
0,0,0,0,0,0,0,0
0,0,0,0,0,0,0,0
