    ORGN   365    24  1995     1     1  0.114861E+11 -0.488268E+10  0.266920E+05  0.480554E+03  0.273427E+03  0.304618E+03 -0.124644E+09  0.507902E+03 -0.648402E+10  0.141131E+03  0.353259E+02
    ORGN   365    24  1996     1     1  0.114717E+11 -0.488105E+10  0.753708E+07  0.136976E+07  0.809698E+05  0.124949E+05 -0.124643E+09  0.159819E+04 -0.648402E+10  0.140984E+03  0.353128E+02
    ORGN   365    24  1997     1     1  0.114722E+11 -0.488230E+10  0.597220E+07  0.269744E+07  0.233971E+06  0.395400E+05 -0.124641E+09  0.326584E+05 -0.648402E+10  0.141005E+03  0.353245E+02
    ORGN   365    24  1998     1     1  0.114717E+11 -0.488267E+10  0.515199E+07  0.339574E+07  0.524036E+06  0.984476E+05 -0.124638E+09  0.371266E+05 -0.648402E+10  0.141506E+03  0.353525E+02
    ORGN   365    24  1999     1     1  0.114721E+11 -0.488291E+10  0.437949E+07  0.335289E+07  0.780535E+06  0.189616E+06 -0.124634E+09  0.738819E+05 -0.648402E+10  0.142042E+03  0.353938E+02
    ORGN   365    24  2000     1     1  0.114724E+11 -0.488288E+10  0.408626E+07  0.300070E+07  0.907377E+06  0.261016E+06 -0.124628E+09  0.815415E+05 -0.648402E+10  0.143213E+03  0.354565E+02
    ORGN   365    24  2001     1     1  0.114724E+11 -0.488303E+10  0.389172E+07  0.267842E+07  0.108485E+07  0.447403E+06 -0.124621E+09  0.125340E+06 -0.648402E+10  0.145533E+03  0.355567E+02
    ORGN   365    24  2002     1     1  0.114727E+11 -0.488308E+10  0.369885E+07  0.238668E+07  0.111675E+07  0.517262E+06 -0.124614E+09  0.125856E+06 -0.648402E+10  0.148551E+03  0.357310E+02
    ORGN   365    24  2003     1     1  0.114736E+11 -0.488312E+10  0.346862E+07  0.179358E+07  0.968927E+06  0.559244E+06 -0.124598E+09  0.124175E+06 -0.648402E+10  0.154733E+03  0.359182E+02
    ORGN   365    24  2004     1     1  0.114740E+11 -0.488314E+10  0.335748E+07  0.147309E+07  0.875181E+06  0.549075E+06 -0.124586E+09  0.124280E+06 -0.648402E+10  0.161888E+03  0.361706E+02
    ORGN   365    24  2005     1     1  0.114805E+11 -0.488944E+10  0.332443E+07  0.131872E+07  0.839359E+06  0.550548E+06 -0.124583E+09  0.127807E+06 -0.648402E+10  0.167524E+03  0.364315E+02
    ORGN   365    24  2006     1     1  0.114806E+11 -0.488945E+10  0.327103E+07  0.116453E+07  0.811234E+06  0.579330E+06 -0.124575E+09  0.128129E+06 -0.648402E+10  0.178591E+03  0.367988E+02
    ORGN   365    24  2007     1     1  0.114807E+11 -0.488946E+10  0.324266E+07  0.105356E+07  0.765414E+06  0.585941E+06 -0.124569E+09  0.128665E+06 -0.648402E+10  0.190983E+03  0.372398E+02
    ORGN   365    24  2008     1     1  0.114813E+11 -0.488996E+10  0.330678E+07  0.101563E+07  0.778879E+06  0.323327E+06 -0.124500E+09  0.131931E+06 -0.648402E+10  0.206806E+03  0.377866E+02
    ORGN   365    24  2009     1     1  0.804379E+10 -0.299872E+10  0.140652E+10  0.140668E+09  0.115140E+07  0.335457E+06 -0.124498E+09  0.137075E+06 -0.648402E+10  0.227876E+03  0.384387E+02
    ORGN   365    24  2010     1     1           NaN           NaN           NaN           NaN           NaN           NaN           NaN           NaN           NaN           NaN           NaN
    ORGN   365    24  2011     1     1           NaN           NaN           NaN           NaN           NaN           NaN           NaN           NaN           NaN           NaN           NaN
    ORGN   365    24  2012     1     1           NaN           NaN           NaN           NaN           NaN           NaN           NaN           NaN           NaN           NaN           NaN
    ORGN   365    24  2013     1     1           NaN           NaN           NaN           NaN           NaN           NaN           NaN           NaN           NaN           NaN           NaN
    ORGN   365    24  2014     1     1           NaN           NaN           NaN           NaN           NaN           NaN           NaN           NaN           NaN           NaN           NaN
    ORGN   365    24  2015     1     1           NaN           NaN           NaN           NaN           NaN           NaN           NaN           NaN           NaN           NaN           NaN
    ORGN   365    24  2016     1     1           NaN           NaN           NaN           NaN           NaN           NaN           NaN           NaN           NaN           NaN           NaN
    ORGN   365    24  2017     1     1           NaN           NaN           NaN           NaN           NaN           NaN           NaN           NaN           NaN           NaN           NaN
    ORGN   365    24  2018     1     1           NaN           NaN           NaN           NaN           NaN           NaN           NaN           NaN           NaN           NaN           NaN
    ORGN   365    24  2019     1     1           NaN           NaN           NaN           NaN           NaN           NaN           NaN           NaN           NaN           NaN           NaN
    ORGN   365    24  2020     1     1           NaN           NaN           NaN           NaN           NaN           NaN           NaN           NaN           NaN           NaN           NaN
    ORGN   365    24  2021     1     1           NaN           NaN           NaN           NaN           NaN           NaN           NaN           NaN           NaN           NaN           NaN
    ORGN   365    24  2022     1     1           NaN           NaN           NaN           NaN           NaN           NaN           NaN           NaN           NaN           NaN           NaN
