    ORGC   365    24  1995     1     1  0.183285E+03  0.438622E+03  0.147225E+04  0.365306E+04  0.369397E+04  0.324017E+04  0.717702E+03  0.486455E+04  0.453852E+04  0.112990E+04  0.282750E+03
    ORGC   365    24  1996     1     1  0.567070E+03  0.419274E+03  0.145943E+04  0.368593E+04  0.369840E+04  0.324354E+04  0.715530E+03  0.485057E+04  0.452525E+04  0.112920E+04  0.282695E+03
    ORGC   365    24  1997     1     1  0.915612E+03  0.335940E+03  0.150858E+04  0.374830E+04  0.372620E+04  0.326000E+04  0.721253E+03  0.485424E+04  0.452012E+04  0.112926E+04  0.282786E+03
    ORGC   365    24  1998     1     1  0.120878E+04  0.342315E+03  0.152049E+04  0.376389E+04  0.373312E+04  0.326273E+04  0.722318E+03  0.485672E+04  0.451880E+04  0.112989E+04  0.282962E+03
    ORGC   365    24  1999     1     1  0.152396E+04  0.364744E+03  0.157564E+04  0.381319E+04  0.376588E+04  0.328026E+04  0.726145E+03  0.486019E+04  0.451834E+04  0.113004E+04  0.283104E+03
    ORGC   365    24  2000     1     1  0.199540E+04  0.375700E+03  0.160562E+04  0.383636E+04  0.378212E+04  0.328480E+04  0.727064E+03  0.486232E+04  0.451800E+04  0.113003E+04  0.283254E+03
    ORGC   365    24  2001     1     1  0.229781E+04  0.395302E+03  0.165399E+04  0.387858E+04  0.381082E+04  0.330073E+04  0.734821E+03  0.486808E+04  0.451821E+04  0.113000E+04  0.283373E+03
    ORGC   365    24  2002     1     1  0.276523E+04  0.404937E+03  0.168043E+04  0.389678E+04  0.382477E+04  0.331187E+04  0.737099E+03  0.487597E+04  0.451830E+04  0.113034E+04  0.283677E+03
    ORGC   365    24  2003     1     1  0.314551E+04  0.425540E+03  0.175026E+04  0.394069E+04  0.384461E+04  0.332031E+04  0.738636E+03  0.487944E+04  0.451852E+04  0.113037E+04  0.283782E+03
    ORGC   365    24  2004     1     1  0.341408E+04  0.445072E+03  0.180222E+04  0.397354E+04  0.386645E+04  0.333282E+04  0.743162E+03  0.488283E+04  0.451884E+04  0.113043E+04  0.283840E+03
    ORGC   365    24  2005     1     1  0.364101E+04  0.460238E+03  0.184080E+04  0.400576E+04  0.388720E+04  0.334779E+04  0.750850E+03  0.488668E+04  0.451918E+04  0.113063E+04  0.284026E+03
    ORGC   365    24  2006     1     1  0.418837E+04  0.468015E+03  0.187056E+04  0.402374E+04  0.389805E+04  0.335340E+04  0.751854E+03  0.489048E+04  0.451931E+04  0.113066E+04  0.284129E+03
    ORGC   365    24  2007     1     1  0.443071E+04  0.485896E+03  0.191166E+04  0.405311E+04  0.391184E+04  0.336547E+04  0.755526E+03  0.489363E+04  0.451945E+04  0.113070E+04  0.284185E+03
    ORGC   365    24  2008     1     1  0.478216E+04  0.514304E+03  0.197215E+04  0.409644E+04  0.393027E+04  0.337879E+04  0.756871E+03  0.489660E+04  0.451951E+04  0.113073E+04  0.284215E+03
    ORGC   365    24  2009     1     1  0.369054E+04  0.814175E+03  0.315076E+04  0.425999E+04  0.394818E+04  0.339174E+04  0.759755E+03  0.490745E+04  0.451955E+04  0.113077E+04  0.284245E+03
    ORGC   365    24  2010     1     1           NaN           NaN           NaN           NaN           NaN           NaN           NaN           NaN           NaN           NaN           NaN
    ORGC   365    24  2011     1     1           NaN           NaN           NaN           NaN           NaN           NaN           NaN           NaN           NaN           NaN           NaN
    ORGC   365    24  2012     1     1           NaN           NaN           NaN           NaN           NaN           NaN           NaN           NaN           NaN           NaN           NaN
    ORGC   365    24  2013     1     1           NaN           NaN           NaN           NaN           NaN           NaN           NaN           NaN           NaN           NaN           NaN
    ORGC   365    24  2014     1     1           NaN           NaN           NaN           NaN           NaN           NaN           NaN           NaN           NaN           NaN           NaN
    ORGC   365    24  2015     1     1           NaN           NaN           NaN           NaN           NaN           NaN           NaN           NaN           NaN           NaN           NaN
    ORGC   365    24  2016     1     1           NaN           NaN           NaN           NaN           NaN           NaN           NaN           NaN           NaN           NaN           NaN
    ORGC   365    24  2017     1     1           NaN           NaN           NaN           NaN           NaN           NaN           NaN           NaN           NaN           NaN           NaN
    ORGC   365    24  2018     1     1           NaN           NaN           NaN           NaN           NaN           NaN           NaN           NaN           NaN           NaN           NaN
    ORGC   365    24  2019     1     1           NaN           NaN           NaN           NaN           NaN           NaN           NaN           NaN           NaN           NaN           NaN
    ORGC   365    24  2020     1     1           NaN           NaN           NaN           NaN           NaN           NaN           NaN           NaN           NaN           NaN           NaN
    ORGC   365    24  2021     1     1           NaN           NaN           NaN           NaN           NaN           NaN           NaN           NaN           NaN           NaN           NaN
    ORGC   365    24  2022     1     1           NaN           NaN           NaN           NaN           NaN           NaN           NaN           NaN           NaN           NaN           NaN
