-0.033,-1.5,0.2,5.33,400,10,1,0,0,0,0,0,0,1,1,1,8,0,2,0
0.01,0.05,0.15,0.25,0.55,0.65,1.35,2.0
1.450000047683715,1.450000047683715,1.450000047683715,1.450000047683715,1.5,1.600000023841858,1.600000023841858,1.600000023841858
0.3609999847412109,0.3609999847412109,0.3609999847412109,0.3609999847412109,0.35400001525878905,0.29700000762939455,0.29700000762939455,0.29700000762939455
0.2589999961853027,0.2589999961853027,0.2589999961853027,0.2589999961853027,0.24799999237060547,0.20600000381469727,0.20600000381469727,0.20600000381469727
10.151999759674071,10.151999759674071,10.151999759674071,10.151999759674071,3.3120000600814805,2.664000034332275,2.664000034332275,2.664000034332275
10.151999759674071,10.151999759674071,10.151999759674071,10.151999759674071,3.3120000600814805,2.664000034332275,2.664000034332275,2.664000034332275
70.0,70.0,70.0,70.0,70.0,50.0,50.0,50.0
580.0,580.0,580.0,580.0,540.0,540.0,540.0,540.0
0.01,0.01,0.01,0.01,0.0,0.0,0.0,0.0
0,0,0,0,0,0,0,0
6.699999809265137,6.699999809265137,6.699999809265137,6.699999809265137,7.0,7.900000095367432,7.900000095367432,7.900000095367432
28.0,28.0,28.0,28.0,27.0,23.0,23.0,23.0
2.5,2.5,2.5,2.5,2.5,2.5,2.5,2.5
26.099999999999998,26.099999999999998,26.099999999999998,26.099999999999998,7.249999999999999,4.35,4.35,4.35
0,0,0,0,0,0,0,0
-1,-1,-1,-1,-1,-1,-1,-1
-1,-1,-1,-1,-1,-1,-1,-1
3,3,3,3,3,3,3,3
12,12,12,12,12,12,12,12
10,10,10,10,10,10,10,10
-1,-1,-1,-1,-1,-1,-1,-1
-1,-1,-1,-1,-1,-1,-1,-1
40,40,40,40,40,40,40,40
120,120,120,120,120,120,120,120
23,23,23,23,23,23,23,23
39,39,39,39,39,39,39,39
48,48,48,48,48,48,48,48
35,35,35,35,35,35,35,35
50,50,50,50,50,50,50,50
50,50,50,50,50,50,50,50
50,50,50,50,50,50,50,50
50,50,50,50,50,50,50,50
1000,1000,1000,1000,1000,1000,1000,1000
2000,2000,2000,2000,2000,2000,2000,2000
0,0,0,0,0,0,0,0
0,0,0,0,0,0,0,0
0.025,0.025,0.025,0.025,0.025,0.025,0.025,0.025
0.25,0.25,0.25,0.25,0.25,0.25,0.25,0.25
0.25,0.25,0.25,0.25,0.25,0.25,0.25,0.25
0.6,0.6,0.6,0.6,0.6,0.6,0.6,0.6
0.16,0.16,0.16,0.16,0.16,0.16,0.16,0.16
3,3,3,3,3,3,3,3
1,1,1,1,1,1,1,1
0,0,0,0,0,0,0,0
45,45,45,45,45,45,45,45
1.5,1.5,1.5,1.5,1.5,1.5,1.5,1.5
0.15,0.15,0.15,0.15,0.15,0.15,0.15,0.15
0,0,0,0,0,0,0,0
0,0,0,0,0,0,0,0
0,0,0,0,0,0,0,0
0,0,0,0,0,0,0,0
0,0,0,0,0,0,0,0
0,0,0,0,0,0,0,0
